0 30.8 2.84 27606.47590495485 82817.43267755098 27606.47590495485 1.9898989898989898 27606.47590495485 0.005138323673284828
1 30.8 2.84 27606.476023067782 82817.43267755098 27606.476023067782 1.9898989898989898 27606.476023067782 0.005492662473794546
2 30.8 2.84 27606.47604730417 82817.43267755098 27606.47604730417 1.9898989898989898 27606.47604730417 0.005565371644124718
3 30.8 2.84 27606.47604730417 82817.43267755098 27606.47604730417 1.9898989898989898 27606.47604730417 0.005565371644124718
4 30.8 2.84 27606.476023067782 82817.43267755098 27606.476023067782 1.9898989898989898 27606.476023067782 0.005492662473794546
5 30.8 2.84 27605.814597506138 82817.43267755098 27605.814597506138 0.005565371644124718 27605.814597506138 0.005549595787495703
6 30.8 2.84 27605.814597506138 82817.43267755098 27605.814597506138 0.005565371644124718 27605.814597506138 0.005549595787495703
7 30.8 2.84 27605.814597506138 82817.43267755098 27605.814597506138 0.005565371644124718 27605.814597506138 0.005549595787495703
8 30.8 2.84 27605.814597506138 82817.43267755098 27605.814597506138 0.005565371644124718 27605.814597506138 0.005549595787495703
9 30.8 2.84 27605.814597506138 82817.43267755098 27605.814597506138 0.005565371644124718 27605.814597506138 0.005549595787495703
10 30.8 2.84 27605.812768870117 82817.43267755098 27605.812768870117 0.005629059361627039 27605.812768870117 0.0
11 30.8 2.84 27605.814623993996 82817.43267755098 27605.814623993996 0.005629059361627039 27605.814623993996 0.005565371644124718
12 30.8 2.84 27605.814623993996 82817.43267755098 27605.814623993996 0.005629059361627039 27605.814623993996 0.005565371644124718
13 30.8 2.84 27605.814623993996 82817.43267755098 27605.814623993996 0.005629059361627039 27605.814623993996 0.005565371644124718
14 30.8 2.84 27605.814623993996 82817.43267755098 27605.814623993996 0.005629059361627039 27605.814623993996 0.005565371644124718
15 30.8 2.84 27605.814578528367 82817.43267755098 27605.814578528367 0.005492662473794546 27605.814578528367 0.005565371644124718
16 30.8 2.84 27605.814578528367 82817.43267755098 27605.814578528367 0.005492662473794546 27605.814578528367 0.005565371644124718
17 30.8 2.84 27605.814578528367 82817.43267755098 27605.814578528367 0.005492662473794546 27605.814578528367 0.005565371644124718
18 30.8 2.84 27605.814578528367 82817.43267755098 27605.814578528367 0.005492662473794546 27605.814578528367 0.005565371644124718
19 30.8 2.84 27605.814578528367 82817.43267755098 27605.814578528367 0.005492662473794546 27605.814578528367 0.005565371644124718
20 30.8 2.84 27605.812747640874 82817.43267755098 27605.812747640874 0.005565371644124718 27605.812747640874 0.0
21 30.8 2.84 27605.814578528367 82817.43267755098 27605.814578528367 0.005565371644124718 27605.814578528367 0.005492662473794546
22 30.8 2.84 27605.814578528367 82817.43267755098 27605.814578528367 0.005565371644124718 27605.814578528367 0.005492662473794548
23 30.8 2.84 27605.814578528367 82817.43267755098 27605.814578528367 0.005565371644124718 27605.814578528367 0.005492662473794548
24 30.8 2.84 27605.814578528367 82817.43267755098 27605.814578528367 0.005565371644124718 27605.814578528367 0.005492662473794548
25 30.8 2.84 27605.814608023375 82817.43267755098 27605.814608023375 0.005565371644124718 27605.814608023375 0.0055811475007537335
26 30.8 2.84 27605.814608023375 82817.43267755098 27605.814608023375 0.005565371644124718 27605.814608023375 0.0055811475007537335
27 30.8 2.84 27605.814608023375 82817.43267755098 27605.814608023375 0.005565371644124718 27605.814608023375 0.0055811475007537335
28 30.8 2.84 27605.814608023375 82817.43267755098 27605.814608023375 0.005565371644124718 27605.814608023375 0.0055811475007537335
29 30.8 2.84 27605.814608023375 82817.43267755098 27605.814608023375 0.005565371644124718 27605.814608023375 0.0055811475007537335
30 30.8 2.84 27605.81269545201 82817.43267755098 27605.81269545201 0.005408805031446537 27605.81269545201 0.0
31 30.8 2.84 27605.814550575888 82817.43267755098 27605.814550575888 0.005408805031446537 27605.814550575888 0.005565371644124718
32 30.8 2.84 27605.814550575888 82817.43267755098 27605.814550575888 0.005408805031446537 27605.814550575888 0.005565371644124718
33 30.8 2.84 27605.814550575888 82817.43267755098 27605.814550575888 0.005408805031446537 27605.814550575888 0.005565371644124718
34 30.8 2.84 27605.814550575888 82817.43267755098 27605.814550575888 0.005408805031446537 27605.814550575888 0.005565371644124718
35 30.8 2.84 27605.812723404484 82817.43267755098 27605.812723404484 0.005492662473794546 27605.812723404484 0.0
36 30.8 2.84 27605.812723404484 82817.43267755098 27605.812723404484 0.005492662473794546 27605.812723404484 0.0
37 30.8 2.84 27605.814578528367 82817.43267755098 27605.814578528367 0.005492662473794546 27605.814578528367 0.005565371644124718
38 30.8 2.84 27605.814578528367 82817.43267755098 27605.814578528367 0.005492662473794546 27605.814578528367 0.005565371644124718
39 30.8 2.84 27605.814578528367 82817.43267755098 27605.814578528367 0.005492662473794546 27605.814578528367 0.005565371644124718
40 30.8 2.84 27605.812747640874 82817.43267755098 27605.812747640874 0.005565371644124718 27605.812747640874 0.0
41 30.8 2.84 27605.814578528367 82817.43267755098 27605.814578528367 0.005565371644124718 27605.814578528367 0.005492662473794546
42 30.8 2.84 27605.814578528367 82817.43267755098 27605.814578528367 0.005565371644124718 27605.814578528367 0.005492662473794546
43 30.8 2.84 27605.814565954424 82817.43267755098 27605.814565954424 0.005565371644124718 27605.814565954424 0.005454940647721613
44 30.8 2.84 27605.814565954424 82817.43267755098 27605.814565954424 0.005565371644124718 27605.814565954424 0.005454940647721613
45 30.8 2.84 27605.812723404484 82817.43267755098 27605.812723404484 0.005492662473794546 27605.812723404484 0.0
46 30.8 2.84 27605.812723404484 82817.43267755098 27605.812723404484 0.005492662473794546 27605.812723404484 0.0
47 30.8 2.84 27605.81456801113 82817.43267755098 27605.81456801113 0.005492662473794546 27605.81456801113 0.005533819930866688
48 30.8 2.84 27605.814578528367 82817.43267755098 27605.814578528367 0.005492662473794546 27605.814578528367 0.005565371644124718
49 30.8 2.84 27605.814578528367 82817.43267755098 27605.814578528367 0.005492662473794546 27605.814578528367 0.005565371644124718
50 30.8 2.84 27605.812747640874 82817.43267755098 27605.812747640874 0.005565371644124718 27605.812747640874 0.0
51 30.8 2.84 27605.812747640874 82817.43267755098 27605.812747640874 0.005565371644124718 27605.812747640874 0.0
52 30.8 2.84 27605.812747640874 82817.43267755098 27605.812747640874 0.005565371644124718 27605.812747640874 0.0
53 30.8 2.84 27605.812747640874 82817.43267755098 27605.812747640874 0.005565371644124718 27605.812747640874 0.0
54 30.8 2.84 27605.814622686914 82817.43267755098 27605.814622686914 0.005565371644124718 27605.814622686914 0.005625138119897028
55 30.8 2.84 27605.814578528367 82817.43267755098 27605.814578528367 0.005492662473794546 27605.814578528367 0.005565371644124718
56 30.8 2.84 27605.814578528367 82817.43267755098 27605.814578528367 0.005492662473794546 27605.814578528367 0.005565371644124718
57 30.8 2.84 27605.814578528367 82817.43267755098 27605.814578528367 0.005492662473794546 27605.814578528367 0.005565371644124718
58 30.8 2.84 27605.814558147304 82817.43267755098 27605.814558147304 0.005431519281378773 27605.814558147304 0.005565371644124718
59 30.8 2.84 27605.814558147304 82817.43267755098 27605.814558147304 0.005431519281378773 27605.814558147304 0.005565371644124718
60 30.8 2.84 27605.812747640874 82817.43267755098 27605.812747640874 0.005565371644124718 27605.812747640874 0.0
61 30.8 2.84 27605.812747640874 82817.43267755098 27605.812747640874 0.005565371644124718 27605.812747640874 0.0
62 30.8 2.84 27605.812747640874 82817.43267755098 27605.812747640874 0.005565371644124718 27605.812747640874 0.0
63 30.8 2.84 27605.812747640874 82817.43267755098 27605.812747640874 0.005565371644124718 27605.812747640874 0.0
64 30.8 2.84 27605.812747640874 82817.43267755098 27605.812747640874 0.005565371644124718 27605.812747640874 0.0
65 30.8 2.84 27605.812723404484 82817.43267755098 27605.812723404484 0.005492662473794546 27605.812723404484 0.0
66 30.8 2.84 27605.814535656988 82817.43267755098 27605.814535656988 0.005492662473794546 27605.814535656988 0.005436757512229207
67 30.8 2.84 27605.814578528367 82817.43267755098 27605.814578528367 0.005565371644124718 27605.814578528367 0.005492662473794546
68 30.8 2.84 27605.814578528367 82817.43267755098 27605.814578528367 0.005565371644124718 27605.814578528367 0.005492662473794546
69 30.8 2.84 27605.814559893377 82817.43267755098 27605.814559893377 0.005565371644124718 27605.814559893377 0.005436757512229209
70 30.8 2.84 27605.81271874574 82817.43267755098 27605.81271874574 0.005478686233403212 27605.81271874574 0.0
71 30.8 2.84 27605.81457386962 82817.43267755098 27605.81457386962 0.005478686233403212 27605.81457386962 0.005565371644124718
72 30.8 2.84 27605.81457386962 82817.43267755098 27605.81457386962 0.005478686233403212 27605.81457386962 0.005565371644124718
73 30.8 2.84 27605.814584386855 82817.43267755098 27605.814584386855 0.005478686233403212 27605.814584386855 0.005596923357382748
74 30.8 2.84 27605.81457386962 82817.43267755098 27605.81457386962 0.005478686233403212 27605.81457386962 0.005565371644124718
75 30.8 2.84 27605.81461873538 82817.43267755098 27605.81461873538 0.005549595787495704 27605.81461873538 0.005629059361627039
76 30.8 2.84 27605.814623993996 82817.43267755098 27605.814623993996 0.005565371644124718 27605.814623993996 0.005629059361627039
77 30.8 2.84 27605.814623993996 82817.43267755098 27605.814623993996 0.005565371644124718 27605.814623993996 0.005629059361627039
78 30.8 2.84 27605.814623993996 82817.43267755098 27605.814623993996 0.005565371644124718 27605.814623993996 0.005629059361627039
79 30.8 2.84 27605.814623993996 82817.43267755098 27605.814623993996 0.005565371644124718 27605.814623993996 0.005629059361627039
80 30.8 2.84 27605.812747640874 82817.43267755098 27605.812747640874 0.005565371644124718 27605.812747640874 0.0
81 30.8 2.84 27605.814578846122 82817.43267755098 27605.814578846122 0.0054778398816937544 27605.814578846122 0.0055811475007537335
82 30.8 2.84 27605.8145735875 82817.43267755098 27605.8145735875 0.0054778398816937544 27605.8145735875 0.005565371644124718
83 30.8 2.84 27605.8145735875 82817.43267755098 27605.8145735875 0.0054778398816937544 27605.8145735875 0.005565371644124718
84 30.8 2.84 27605.8145735875 82817.43267755098 27605.8145735875 0.005477839881693754 27605.8145735875 0.005565371644124718
85 30.8 2.84 27605.812747640874 82817.43267755098 27605.812747640874 0.005565371644124718 27605.812747640874 0.0
86 30.8 2.84 27605.812747640874 82817.43267755098 27605.812747640874 0.005565371644124718 27605.812747640874 0.0
87 30.8 2.84 27605.812747640874 82817.43267755098 27605.812747640874 0.005565371644124718 27605.812747640874 0.0
88 30.8 2.84 27605.812747640874 82817.43267755098 27605.812747640874 0.005565371644124718 27605.812747640874 0.0
89 30.8 2.84 27605.812747640874 82817.43267755098 27605.812747640874 0.005565371644124718 27605.812747640874 0.0
