0 2.7875 44.6 189453.05806586606 145659.59710906455 1064.0636382857258 861.1207328557723 2.629273965146308 2.503114186851211 5.9 5.0 2.423004877286515 2.503349767068818
1 2.6 41.6 189702.94221063302 148621.79384727404 1066.7793072001937 910.491527375776 2.630897446374198 2.5623529411764707 5.8875 5.0 2.4188471750187857 2.4151871841293566
2 2.6 41.6 189702.94221063302 148621.79384727404 1066.7793072001937 910.491527375776 2.630897446374198 2.5623529411764707 5.8875 5.0 2.4188471750187857 2.4151871841293566
3 2.6 41.6 189702.94221063302 148621.79384727404 1066.7793072001937 910.491527375776 2.630897446374198 2.5623529411764707 5.8875 5.0 2.4188471750187857 2.4151871841293566
4 2.6 41.6 189702.94221063302 148621.79384727404 1066.7793072001937 910.491527375776 2.630897446374198 2.5623529411764707 5.8875 5.0 2.4188471750187857 2.4151871841293566
5 2.6 41.6 189702.94221063302 148621.79384727404 1066.7793072001937 910.491527375776 2.630897446374198 2.5623529411764707 5.8875 5.0 2.4188471750187857 2.4151871841293566
6 2.6 41.6 189675.05775311228 148621.79384727404 1066.459994153336 910.491527375776 2.631196704423505 2.5623529411764707 5.8875 5.0 2.4193926852711973 2.4151871841293566
7 2.6 41.6 189675.05775311228 148621.79384727404 1066.459994153336 910.491527375776 2.631196704423505 2.5623529411764707 5.8875 5.0 2.4193926852711973 2.4151871841293566
8 2.6 41.6 189778.89393326006 148621.79384727404 1066.3752610148824 910.491527375776 2.630374246362956 2.5623529411764707 5.8875 5.0 2.4191662191481034 2.4151871841293566
9 2.6 41.6 189468.19253450286 148621.79384727404 1065.563491829343 910.491527375776 2.6316078103767966 2.5623529411764707 5.9 5.0 2.4185348053737257 2.4151871841293566
10 2.6 41.6 189536.90223132417 148621.79384727404 1064.2710679590923 910.491527375776 2.6298811667781807 2.5623529411764707 5.9 5.0 2.4217028103049234 2.4151871841293566
11 2.6 41.6 189758.23749855827 148621.79384727404 1065.0358303655046 910.491527375776 2.631250895869961 2.5623529411764707 5.8875 5.0 2.420837007489769 2.4151871841293566
12 2.6 41.6 189829.13057291383 148621.79384727404 1066.4907682701137 910.491527375776 2.6327247790795956 2.5623529411764707 5.8875 5.0 2.419912206143706 2.4151871841293566
13 2.6 41.6 189829.13057291383 148621.79384727404 1066.4907682701137 910.491527375776 2.6327247790795956 2.5623529411764707 5.8875 5.0 2.419912206143706 2.4151871841293566
14 2.6 41.6 189827.61520939306 148621.79384727404 1066.5534572022352 910.491527375776 2.633575500267104 2.5623529411764707 5.8875 5.0 2.419369636815463 2.4151871841293566
15 2.6 41.6 189827.61520939306 148621.79384727404 1066.5534572022352 910.491527375776 2.633575500267104 2.5623529411764707 5.8875 5.0 2.419369636815463 2.4151871841293566
16 2.6 41.6 189827.61520939306 148621.79384727404 1066.5534572022352 910.491527375776 2.633575500267104 2.5623529411764707 5.8875 5.0 2.419369636815463 2.4151871841293566
17 2.6 41.6 189827.61520939306 148621.79384727404 1066.5534572022352 910.491527375776 2.633575500267104 2.5623529411764707 5.8875 5.0 2.419369636815463 2.4151871841293566
18 2.6 41.6 189827.61520939306 148621.79384727404 1066.5534572022352 910.491527375776 2.633575500267104 2.5623529411764707 5.8875 5.0 2.419369636815463 2.4151871841293566
19 2.6 41.6 189452.82025759452 148621.79384727404 1064.771926998246 910.491527375776 2.6328986580251454 2.5623529411764707 5.9 5.0 2.423230617877437 2.4151871841293566
20 2.6 41.6 189501.37939148993 148621.79384727404 1064.492086073393 910.491527375776 2.6321062704818927 2.5623529411764707 5.9 5.0 2.4241747864912377 2.4151871841293566
21 2.6 41.6 189828.64120765883 148621.79384727404 1065.7505779518992 910.491527375776 2.6324857499752654 2.5623529411764707 5.8875 5.0 2.422653208366114 2.4151871841293566
22 2.6 41.6 190233.71114580633 148621.79384727404 1067.1222317073034 910.491527375776 2.6322882824053235 2.5623529411764707 5.875 5.0 2.4200443249602444 2.4151871841293566
23 2.6 41.6 190233.71114580633 148621.79384727404 1067.1222317073034 910.491527375776 2.6322882824053235 2.5623529411764707 5.875 5.0 2.4200443249602444 2.4151871841293566
24 2.6 41.6 190233.71114580633 148621.79384727404 1067.1222317073034 910.491527375776 2.6322882824053235 2.5623529411764707 5.875 5.0 2.4200443249602444 2.4151871841293566
25 2.6 41.6 190226.8189440489 148621.79384727404 1067.7416698828895 910.491527375776 2.6337432997063615 2.5623529411764707 5.875 5.0 2.4177129102139903 2.4151871841293566
26 2.6 41.6 190525.89326152485 148621.79384727404 1069.3135458387655 910.491527375776 2.633992227327299 2.5623529411764707 5.8625 5.0 2.415098021157712 2.4151871841293566
27 2.6 41.6 190561.92437474357 148621.79384727404 1069.3802936892841 910.491527375776 2.631344863032699 2.5623529411764707 5.875 5.0 2.4130900779943913 2.4151871841293566
28 2.6 41.6 190561.92437474357 148621.79384727404 1069.3802936892841 910.491527375776 2.631344863032699 2.5623529411764707 5.875 5.0 2.4130900779943913 2.4151871841293566
29 2.6 41.6 190574.08952133177 148621.79384727404 1069.3914673745844 910.491527375776 2.6314322573815274 2.5623529411764707 5.875 5.0 2.413187507979898 2.4151871841293566
30 2.6 41.6 190638.22681776757 148621.79384727404 1068.8577137578407 910.491527375776 2.630281738350386 2.5623529411764707 5.875 5.0 2.4147285774832143 2.4151871841293566
31 2.6 41.6 191241.2478742805 148621.79384727404 1069.040126484409 910.491527375776 2.628428797173915 2.5623529411764707 5.85 5.0 2.418177760022797 2.4151871841293566
32 2.6 41.6 191378.93489246597 148621.79384727404 1068.160362735453 910.491527375776 2.627121207200522 2.5623529411764707 5.85 5.0 2.419831009411562 2.4151871841293566
33 2.6 41.6 191378.93489246597 148621.79384727404 1068.160362735453 910.491527375776 2.627121207200522 2.5623529411764707 5.85 5.0 2.419831009411562 2.4151871841293566
34 2.6 41.6 191115.49468831765 148621.79384727404 1067.1202210171166 910.491527375776 2.6270050603241333 2.5623529411764707 5.8625 5.0 2.419889852889315 2.4151871841293566
35 2.6 41.6 191115.49468831765 148621.79384727404 1067.1202210171166 910.491527375776 2.6270050603241333 2.5623529411764707 5.8625 5.0 2.419889852889315 2.4151871841293566
36 2.6 41.6 191115.49468831765 148621.79384727404 1067.1202210171166 910.491527375776 2.6270050603241333 2.5623529411764707 5.8625 5.0 2.419889852889315 2.4151871841293566
37 2.6 41.6 191268.66497317117 148621.79384727404 1067.0704922443852 910.491527375776 2.626183486362013 2.5623529411764707 5.85 5.0 2.423560722982862 2.4151871841293566
38 2.6 41.6 191268.66497317117 148621.79384727404 1067.0704922443852 910.491527375776 2.626183486362013 2.5623529411764707 5.85 5.0 2.423560722982862 2.4151871841293566
39 2.6 41.6 191513.4703406559 148621.79384727404 1068.647697977843 910.491527375776 2.6263935409762125 2.5623529411764707 5.8375 5.0 2.421463345647962 2.4151871841293566
40 2.6 41.6 191513.4703406559 148621.79384727404 1068.647697977843 910.491527375776 2.6263935409762125 2.5623529411764707 5.8375 5.0 2.421463345647962 2.4151871841293566
41 2.6 41.6 191513.4703406559 148621.79384727404 1068.647697977843 910.491527375776 2.6263935409762125 2.5623529411764707 5.8375 5.0 2.421463345647962 2.4151871841293566
42 2.6 41.6 191161.36049764644 148621.79384727404 1067.194378258727 910.491527375776 2.6261766636301886 2.5623529411764707 5.85 5.0 2.4241323807479387 2.4151871841293566
43 2.6 41.6 191161.36049764644 148621.79384727404 1067.194378258727 910.491527375776 2.6261766636301886 2.5623529411764707 5.85 5.0 2.4241323807479387 2.4151871841293566
44 2.6 41.6 191161.36049764644 148621.79384727404 1067.194378258727 910.491527375776 2.6261766636301886 2.5623529411764707 5.85 5.0 2.4241323807479387 2.4151871841293566
45 2.6 41.6 191161.36049764644 148621.79384727404 1067.194378258727 910.491527375776 2.6261766636301886 2.5623529411764707 5.85 5.0 2.4241323807479387 2.4151871841293566
46 2.6 41.6 191161.36049764644 148621.79384727404 1067.194378258727 910.491527375776 2.6261766636301886 2.5623529411764707 5.85 5.0 2.4241323807479387 2.4151871841293566
47 2.6 41.6 191251.81891755824 148621.79384727404 1069.0689797254574 910.491527375776 2.6250624767789774 2.5623529411764707 5.85 5.0 2.4203075106114396 2.4151871841293566
48 2.6 41.6 191159.08342697893 148621.79384727404 1068.087720975295 910.491527375776 2.624969687367203 2.5623529411764707 5.85 5.0 2.4222654948052362 2.4151871841293566
49 2.6 41.6 191159.08342697893 148621.79384727404 1068.087720975295 910.491527375776 2.624969687367203 2.5623529411764707 5.85 5.0 2.4222654948052362 2.4151871841293566
50 2.6 41.6 191159.08342697893 148621.79384727404 1068.087720975295 910.491527375776 2.624969687367203 2.5623529411764707 5.85 5.0 2.4222654948052362 2.4151871841293566
51 2.6 41.6 191159.08342697893 148621.79384727404 1068.087720975295 910.491527375776 2.624969687367203 2.5623529411764707 5.85 5.0 2.4222654948052362 2.4151871841293566
52 2.6 41.6 191159.08342697893 148621.79384727404 1068.087720975295 910.491527375776 2.624969687367203 2.5623529411764707 5.85 5.0 2.4222654948052362 2.4151871841293566
53 2.6 41.6 191159.08342697893 148621.79384727404 1068.087720975295 910.491527375776 2.624969687367203 2.5623529411764707 5.85 5.0 2.4222654948052362 2.4151871841293566
54 2.6 41.6 191131.11444622665 148621.79384727404 1067.8887932640732 910.491527375776 2.6246271439748656 2.5623529411764707 5.85 5.0 2.423265766357657 2.4151871841293566
55 2.6 41.6 191527.64297544153 148621.79384727404 1069.4938698575975 910.491527375776 2.6245195843934237 2.5623529411764707 5.8375 5.0 2.4202938795573705 2.4151871841293566
56 2.6 41.6 191527.64297544153 148621.79384727404 1069.4938698575975 910.491527375776 2.6245195843934237 2.5623529411764707 5.8375 5.0 2.4202938795573705 2.4151871841293566
57 2.6 41.6 191043.06298088664 148621.79384727404 1068.845343203205 910.491527375776 2.6284482072540527 2.5623529411764707 5.85 5.0 2.418799441663909 2.4151871841293566
58 2.6 41.6 191095.51016812588 148621.79384727404 1068.8678827210524 910.491527375776 2.628520678276449 2.5623529411764707 5.85 5.0 2.41809746117402 2.4151871841293566
59 2.6 41.6 190790.4800351595 148621.79384727404 1066.751046006937 910.491527375776 2.627394949081668 2.5623529411764707 5.8625 5.0 2.4218991719036445 2.4151871841293566
60 2.6 41.6 190790.4800351595 148621.79384727404 1066.751046006937 910.491527375776 2.627394949081668 2.5623529411764707 5.8625 5.0 2.4218991719036445 2.4151871841293566
61 2.6 41.6 190790.4800351595 148621.79384727404 1066.751046006937 910.491527375776 2.627394949081668 2.5623529411764707 5.8625 5.0 2.4218991719036445 2.4151871841293566
62 2.6 41.6 190873.24253823498 148621.79384727404 1065.9712734479504 910.491527375776 2.624930970661812 2.5623529411764707 5.8625 5.0 2.4243156881433148 2.4151871841293566
63 2.6 41.6 190873.24253823498 148621.79384727404 1065.9712734479504 910.491527375776 2.624930970661812 2.5623529411764707 5.8625 5.0 2.4243156881433148 2.4151871841293566
64 2.6 41.6 190873.24253823498 148621.79384727404 1065.9712734479504 910.491527375776 2.624930970661812 2.5623529411764707 5.8625 5.0 2.4243156881433148 2.4151871841293566
65 2.6 41.6 190873.24253823498 148621.79384727404 1065.9712734479504 910.491527375776 2.624930970661812 2.5623529411764707 5.8625 5.0 2.4243156881433148 2.4151871841293566
66 2.6 41.6 190873.24253823498 148621.79384727404 1065.9712734479504 910.491527375776 2.624930970661812 2.5623529411764707 5.8625 5.0 2.4243156881433148 2.4151871841293566
67 2.6 41.6 190620.1486648958 148621.79384727404 1064.635449526517 910.491527375776 2.6253843385374593 2.5623529411764707 5.875 5.0 2.4256402856940538 2.4151871841293566
68 2.6 41.6 190709.55467451707 148621.79384727404 1064.7086911129823 910.491527375776 2.623960288604726 2.5623529411764707 5.875 5.0 2.4257536907496764 2.4151871841293566
69 2.6 41.6 190721.55378261054 148621.79384727404 1066.1110270702443 910.491527375776 2.621846588004508 2.5623529411764707 5.875 5.0 2.425600898371962 2.4151871841293566
70 2.6 41.6 190721.55378261054 148621.79384727404 1066.1110270702443 910.491527375776 2.621846588004508 2.5623529411764707 5.875 5.0 2.425600898371962 2.4151871841293566
71 2.6 41.6 190721.55378261054 148621.79384727404 1066.1110270702443 910.491527375776 2.621846588004508 2.5623529411764707 5.875 5.0 2.425600898371962 2.4151871841293566
72 2.6 41.6 190906.608879965 148621.79384727404 1067.0902453845868 910.491527375776 2.6206833949514765 2.5623529411764707 5.8625 5.0 2.427910255306919 2.4151871841293566
73 2.6 41.6 191067.33904946892 148621.79384727404 1068.2130004506184 910.491527375776 2.62148685385079 2.5623529411764707 5.85 5.0 2.4280852179747696 2.4151871841293566
74 2.6 41.6 191067.33904946892 148621.79384727404 1068.2130004506184 910.491527375776 2.62148685385079 2.5623529411764707 5.85 5.0 2.4280852179747696 2.4151871841293566
75 2.6 41.6 191067.33904946892 148621.79384727404 1068.2130004506184 910.491527375776 2.62148685385079 2.5623529411764707 5.85 5.0 2.4280852179747696 2.4151871841293566
76 2.6 41.6 191067.33904946892 148621.79384727404 1068.2130004506184 910.491527375776 2.62148685385079 2.5623529411764707 5.85 5.0 2.4280852179747696 2.4151871841293566
77 2.6 41.6 190776.32574807663 148621.79384727404 1067.5780488574119 910.491527375776 2.621471282916534 2.5623529411764707 5.8625 5.0 2.427411419564235 2.4151871841293566
78 2.6 41.6 190776.32574807663 148621.79384727404 1067.5780488574119 910.491527375776 2.621471282916534 2.5623529411764707 5.8625 5.0 2.427411419564235 2.4151871841293566
79 2.6 41.6 190776.32574807663 148621.79384727404 1067.5780488574119 910.491527375776 2.621471282916534 2.5623529411764707 5.8625 5.0 2.427411419564235 2.4151871841293566
80 2.6 41.6 190776.32574807663 148621.79384727404 1067.5780488574119 910.491527375776 2.621471282916534 2.5623529411764707 5.8625 5.0 2.427411419564235 2.4151871841293566
81 2.6 41.6 190776.32574807663 148621.79384727404 1067.5780488574119 910.491527375776 2.621471282916534 2.5623529411764707 5.8625 5.0 2.427411419564235 2.4151871841293566
82 2.6 41.6 190776.32574807663 148621.79384727404 1067.5780488574119 910.491527375776 2.621471282916534 2.5623529411764707 5.8625 5.0 2.427411419564235 2.4151871841293566
83 2.6 41.6 191026.49928935885 148621.79384727404 1069.7348299041387 910.491527375776 2.6218763205446565 2.5623529411764707 5.85 5.0 2.424277412302681 2.4151871841293566
84 2.6 41.6 191026.49928935885 148621.79384727404 1069.7348299041387 910.491527375776 2.6218763205446565 2.5623529411764707 5.85 5.0 2.424277412302681 2.4151871841293566
85 2.6 41.6 191391.97853943246 148621.79384727404 1070.4270018179466 910.491527375776 2.6213811169128194 2.5623529411764707 5.8375 5.0 2.424702802956843 2.4151871841293566
86 2.6 41.6 191391.97853943246 148621.79384727404 1070.4270018179466 910.491527375776 2.6213811169128194 2.5623529411764707 5.8375 5.0 2.424702802956843 2.4151871841293566
87 2.6 41.6 191247.9839618573 148621.79384727404 1070.4022599830175 910.491527375776 2.620885329071971 2.5623529411764707 5.85 5.0 2.4221203242202303 2.4151871841293566
88 2.6 41.6 191247.9839618573 148621.79384727404 1070.4022599830175 910.491527375776 2.620885329071971 2.5623529411764707 5.85 5.0 2.4221203242202303 2.4151871841293566
89 2.6 41.6 191247.9839618573 148621.79384727404 1070.4022599830175 910.491527375776 2.620885329071971 2.5623529411764707 5.85 5.0 2.4221203242202303 2.4151871841293566
90 2.6 41.6 191247.9839618573 148621.79384727404 1070.4022599830175 910.491527375776 2.620885329071971 2.5623529411764707 5.85 5.0 2.4221203242202303 2.4151871841293566
91 2.6 41.6 191397.21292103158 148621.79384727404 1072.498526319267 910.491527375776 2.6220391106122647 2.5623529411764707 5.8375 5.0 2.4206434453719754 2.4151871841293566
92 2.6 41.6 191397.21292103158 148621.79384727404 1072.498526319267 910.491527375776 2.6220391106122647 2.5623529411764707 5.8375 5.0 2.4206434453719754 2.4151871841293566
93 2.6 41.6 191397.21292103158 148621.79384727404 1072.498526319267 910.491527375776 2.6220391106122647 2.5623529411764707 5.8375 5.0 2.4206434453719754 2.4151871841293566
94 2.6 41.6 191397.21292103158 148621.79384727404 1072.498526319267 910.491527375776 2.6220391106122647 2.5623529411764707 5.8375 5.0 2.4206434453719754 2.4151871841293566
95 2.6 41.6 191843.77380483696 148621.79384727404 1074.1785685161146 910.491527375776 2.6222241637361035 2.5623529411764707 5.8125 5.0 2.422386855729468 2.4151871841293566
96 2.6 41.6 191843.77380483696 148621.79384727404 1074.1785685161146 910.491527375776 2.6222241637361035 2.5623529411764707 5.8125 5.0 2.422386855729468 2.4151871841293566
97 2.6 41.6 191843.77380483696 148621.79384727404 1074.1785685161146 910.491527375776 2.6222241637361035 2.5623529411764707 5.8125 5.0 2.422386855729468 2.4151871841293566
98 2.6 41.6 191843.77380483696 148621.79384727404 1074.1785685161146 910.491527375776 2.6222241637361035 2.5623529411764707 5.8125 5.0 2.422386855729468 2.4151871841293566
99 2.6 41.6 191843.77380483696 148621.79384727404 1074.1785685161146 910.491527375776 2.6222241637361035 2.5623529411764707 5.8125 5.0 2.422386855729468 2.4151871841293566
