0 2.18 21.8 118380.83629200117 80116.11917761466 1338.2401947319208 1083.4647786141923 2.774307867473656 2.784132231404959 6.544444444444444 6.0 1.0577880420135937 1.0362782879091392
1 2.18 21.8 118380.83629200117 80116.11917761466 1338.2401947319208 1083.4647786141923 2.774307867473656 2.784132231404959 6.544444444444444 6.0 1.0577880420135937 1.0362782879091392
2 2.18 21.8 118380.83629200117 80116.11917761466 1338.2401947319208 1083.4647786141923 2.774307867473656 2.784132231404959 6.544444444444444 6.0 1.0577880420135937 1.0362782879091392
3 2.18 21.8 118303.45482388198 80116.11917761466 1337.4404263491297 1083.4647786141923 2.7726777773744082 2.784132231404959 6.544444444444444 6.0 1.0593397185013516 1.0362782879091392
4 2.18 21.8 118303.45482388198 80116.11917761466 1337.4404263491297 1083.4647786141923 2.7726777773744082 2.784132231404959 6.544444444444444 6.0 1.0593397185013516 1.0362782879091392
5 2.18 21.8 118303.45482388198 80116.11917761466 1337.4404263491297 1083.4647786141923 2.7726777773744082 2.784132231404959 6.544444444444444 6.0 1.0593397185013516 1.0362782879091392
6 2.18 21.8 118136.03786696032 80116.11917761466 1338.370583422854 1083.4647786141923 2.7745215558772856 2.784132231404959 6.544444444444444 6.0 1.0592457852028898 1.0362782879091392
7 2.18 21.8 118136.03786696032 80116.11917761466 1338.370583422854 1083.4647786141923 2.7745215558772856 2.784132231404959 6.544444444444444 6.0 1.0592457852028898 1.0362782879091392
8 2.18 21.8 118076.31107217146 80116.11917761466 1337.2806469385275 1083.4647786141923 2.7744543703543676 2.784132231404959 6.544444444444444 6.0 1.0606465786323516 1.0362782879091392
9 2.18 21.8 118076.31107217146 80116.11917761466 1337.2806469385275 1083.4647786141923 2.7744543703543676 2.784132231404959 6.544444444444444 6.0 1.0606465786323516 1.0362782879091392
10 2.18 21.8 118076.31107217146 80116.11917761466 1337.2806469385275 1083.4647786141923 2.7744543703543676 2.784132231404959 6.544444444444444 6.0 1.0606465786323516 1.0362782879091392
11 2.18 21.8 118076.31107217146 80116.11917761466 1337.2806469385275 1083.4647786141923 2.7744543703543676 2.784132231404959 6.544444444444444 6.0 1.0606465786323516 1.0362782879091392
12 2.18 21.8 118076.31107217146 80116.11917761466 1337.2806469385275 1083.4647786141923 2.7744543703543676 2.784132231404959 6.544444444444444 6.0 1.0606465786323516 1.0362782879091392
13 2.18 21.8 118076.31107217146 80116.11917761466 1337.2806469385275 1083.4647786141923 2.7744543703543676 2.784132231404959 6.544444444444444 6.0 1.0606465786323516 1.0362782879091392
14 2.18 21.8 118000.11469853793 80116.11917761466 1336.6869633922345 1083.4647786141923 2.776388839638695 2.784132231404959 6.555555555555555 6.0 1.058866521127895 1.0362782879091392
15 2.18 21.8 118000.11469853793 80116.11917761466 1336.6869633922345 1083.4647786141923 2.776388839638695 2.784132231404959 6.555555555555555 6.0 1.058866521127895 1.0362782879091392
16 2.18 21.8 118000.11469853793 80116.11917761466 1336.6869633922345 1083.4647786141923 2.776388839638695 2.784132231404959 6.555555555555555 6.0 1.058866521127895 1.0362782879091392
17 2.56 25.6 117825.82303058558 82427.98838220717 1334.984288315858 993.4968344516074 2.7755024432030684 2.5516759776536313 6.555555555555555 5.0 1.0604575458651933 1.1986553097070878
18 2.56 25.6 117825.82303058558 82427.98838220717 1334.984288315858 993.4968344516074 2.7755024432030684 2.5516759776536313 6.555555555555555 5.0 1.0604575458651933 1.1986553097070878
19 2.56 25.6 117825.82303058558 82427.98838220717 1334.984288315858 993.4968344516074 2.7755024432030684 2.5516759776536313 6.555555555555555 5.0 1.0604575458651933 1.1986553097070878
20 2.56 25.6 117825.82303058558 82427.98838220717 1334.984288315858 993.4968344516074 2.7755024432030684 2.5516759776536313 6.555555555555555 5.0 1.0604575458651933 1.1986553097070878
21 2.56 25.6 118149.45758622937 82427.98838220717 1333.7665578725168 993.4968344516074 2.77013239924061 2.5516759776536313 6.533333333333333 5.0 1.0643374035753412 1.1986553097070878
22 2.56 25.6 118149.45758622937 82427.98838220717 1333.7665578725168 993.4968344516074 2.77013239924061 2.5516759776536313 6.533333333333333 5.0 1.0643374035753412 1.1986553097070878
23 2.56 25.6 118248.716318891 82427.98838220717 1332.0162971036677 993.4968344516074 2.7683816648890893 2.5516759776536313 6.522222222222222 5.0 1.0674195962845847 1.1986553097070878
24 2.56 25.6 118248.716318891 82427.98838220717 1332.0162971036677 993.4968344516074 2.7683816648890893 2.5516759776536313 6.522222222222222 5.0 1.0674195962845847 1.1986553097070878
25 2.56 25.6 118248.32851159833 82427.98838220717 1333.54041853714 993.4968344516074 2.768789474433672 2.5516759776536313 6.522222222222222 5.0 1.0662110260964854 1.1986553097070878
26 2.56 25.6 118238.27524206467 82427.98838220717 1333.4876718681317 993.4968344516074 2.768781143414831 2.5516759776536313 6.533333333333333 5.0 1.0649729054422052 1.1986553097070878
27 2.56 25.6 118238.27524206467 82427.98838220717 1333.4876718681317 993.4968344516074 2.768781143414831 2.5516759776536313 6.533333333333333 5.0 1.0649729054422052 1.1986553097070878
28 2.56 25.6 118238.27524206467 82427.98838220717 1333.4876718681317 993.4968344516074 2.768781143414831 2.5516759776536313 6.533333333333333 5.0 1.0649729054422052 1.1986553097070878
29 2.56 25.6 118238.27524206467 82427.98838220717 1333.4876718681317 993.4968344516074 2.768781143414831 2.5516759776536313 6.533333333333333 5.0 1.0649729054422052 1.1986553097070878
30 2.56 25.6 118238.27524206467 82427.98838220717 1333.4876718681317 993.4968344516074 2.768781143414831 2.5516759776536313 6.533333333333333 5.0 1.0649729054422052 1.1986553097070878
31 2.56 25.6 118238.27524206467 82427.98838220717 1333.4876718681317 993.4968344516074 2.768781143414831 2.5516759776536313 6.533333333333333 5.0 1.0649729054422052 1.1986553097070878
32 2.56 25.6 118238.27524206467 82427.98838220717 1333.4876718681317 993.4968344516074 2.768781143414831 2.5516759776536313 6.533333333333333 5.0 1.0649729054422052 1.1986553097070878
33 2.56 25.6 118238.27524206467 82427.98838220717 1333.4876718681317 993.4968344516074 2.768781143414831 2.5516759776536313 6.533333333333333 5.0 1.0649729054422052 1.1986553097070878
34 2.56 25.6 118077.60589702154 82427.98838220717 1333.381748269824 993.4968344516074 2.7691179535061794 2.5516759776536313 6.544444444444444 5.0 1.064825703609086 1.1986553097070878
35 2.56 25.6 118077.60589702154 82427.98838220717 1333.381748269824 993.4968344516074 2.7691179535061794 2.5516759776536313 6.544444444444444 5.0 1.064825703609086 1.1986553097070878
36 2.56 25.6 118077.60589702154 82427.98838220717 1333.381748269824 993.4968344516074 2.7691179535061794 2.5516759776536313 6.544444444444444 5.0 1.064825703609086 1.1986553097070878
37 2.56 25.6 118006.94369397493 82427.98838220717 1332.4650306429996 993.4968344516074 2.7692171505482057 2.5516759776536313 6.544444444444444 5.0 1.0660625742282277 1.1986553097070878
38 2.56 25.6 118006.94369397493 82427.98838220717 1332.4650306429996 993.4968344516074 2.7692171505482057 2.5516759776536313 6.544444444444444 5.0 1.0660625742282277 1.1986553097070878
39 2.56 25.6 118006.94369397493 82427.98838220717 1332.4650306429996 993.4968344516074 2.7692171505482057 2.5516759776536313 6.544444444444444 5.0 1.0660625742282277 1.1986553097070878
40 2.56 25.6 118006.94369397493 82427.98838220717 1332.4650306429996 993.4968344516074 2.7692171505482057 2.5516759776536313 6.544444444444444 5.0 1.0660625742282277 1.1986553097070878
41 2.56 25.6 118249.85703590326 82427.98838220717 1331.1169184651285 993.4968344516074 2.766284165658097 2.5516759776536313 6.533333333333333 5.0 1.067861608584588 1.1986553097070878
42 2.56 25.6 118249.85703590326 82427.98838220717 1331.1169184651285 993.4968344516074 2.766284165658097 2.5516759776536313 6.533333333333333 5.0 1.067861608584588 1.1986553097070878
43 2.56 25.6 118351.85120389424 82427.98838220717 1329.5044457578929 993.4968344516074 2.763912814495117 2.5516759776536313 6.533333333333333 5.0 1.0691753240900055 1.1986553097070878
44 2.56 25.6 118351.85120389424 82427.98838220717 1329.5044457578929 993.4968344516074 2.763912814495117 2.5516759776536313 6.533333333333333 5.0 1.0691753240900055 1.1986553097070878
45 2.56 25.6 118409.48571377141 82427.98838220717 1329.5237751841682 993.4968344516074 2.76315838956193 2.5516759776536313 6.533333333333333 5.0 1.0691352751723113 1.1986553097070878
46 2.56 25.6 118507.08444735069 82427.98838220717 1329.9724429494079 993.4968344516074 2.762107884511425 2.5516759776536313 6.522222222222222 5.0 1.0706173862454424 1.1986553097070878
47 2.56 25.6 118420.2115150562 82427.98838220717 1328.7664306396425 993.4968344516074 2.7628171343142514 2.5516759776536313 6.522222222222222 5.0 1.0719575819556193 1.1986553097070878
48 2.56 25.6 118420.2115150562 82427.98838220717 1328.7664306396425 993.4968344516074 2.7628171343142514 2.5516759776536313 6.522222222222222 5.0 1.0719575819556193 1.1986553097070878
49 2.56 25.6 118553.69819117877 82427.98838220717 1328.9765928351158 993.4968344516074 2.7629967036318996 2.5516759776536313 6.511111111111111 5.0 1.072679919295819 1.1986553097070878
50 2.56 25.6 118416.28052612148 82427.98838220717 1326.21977754305 993.4968344516074 2.763311216034327 2.5516759776536313 6.522222222222222 5.0 1.0737266354534734 1.1986553097070878
51 2.56 25.6 118145.45803368509 82427.98838220717 1329.6011423640894 993.4968344516074 2.768419834690712 2.5516759776536313 6.533333333333333 5.0 1.0693702008121913 1.1986553097070878
52 2.56 25.6 118159.5465582771 82427.98838220717 1329.2423169654644 993.4968344516074 2.7671892528093545 2.5516759776536313 6.533333333333333 5.0 1.0698293868657913 1.1986553097070878
53 2.56 25.6 117823.91823618153 82427.98838220717 1326.5939283026066 993.4968344516074 2.7676672652106156 2.5516759776536313 6.555555555555555 5.0 1.0711581797817944 1.1986553097070878
54 2.56 25.6 117823.91823618153 82427.98838220717 1326.5939283026066 993.4968344516074 2.7676672652106156 2.5516759776536313 6.555555555555555 5.0 1.0711581797817944 1.1986553097070878
55 2.56 25.6 117823.91823618153 82427.98838220717 1326.5939283026066 993.4968344516074 2.7676672652106156 2.5516759776536313 6.555555555555555 5.0 1.0711581797817944 1.1986553097070878
56 2.38 23.8 117907.21270477351 89924.49055548577 1325.9316535733778 933.8921088209937 2.7669480004451343 2.4869421487603307 6.555555555555555 5.0 1.0716780954499625 1.2454477198422398
57 2.38 23.8 117907.21270477351 89924.49055548577 1325.9316535733778 933.8921088209937 2.7669480004451343 2.4869421487603307 6.555555555555555 5.0 1.0716780954499625 1.2454477198422398
58 2.38 23.8 117907.21270477351 89924.49055548577 1325.9316535733778 933.8921088209937 2.7669480004451343 2.4869421487603307 6.555555555555555 5.0 1.0716780954499625 1.2454477198422398
59 2.38 23.8 117835.8263344828 89924.49055548577 1322.5129965268545 933.8921088209937 2.765860961826233 2.4869421487603307 6.566666666666666 5.0 1.0730538320976828 1.2454477198422398
60 2.38 23.8 117873.72375713309 89924.49055548577 1322.6833358647657 933.8921088209937 2.7657712052908354 2.4869421487603307 6.566666666666666 5.0 1.0728459556846524 1.2454477198422398
61 2.38 23.8 117862.25945426626 89924.49055548577 1322.2695088975508 933.8921088209937 2.7655427321178156 2.4869421487603307 6.566666666666666 5.0 1.073643175462514 1.2454477198422398
62 2.38 23.8 117862.25945426626 89924.49055548577 1322.2695088975508 933.8921088209937 2.7655427321178156 2.4869421487603307 6.566666666666666 5.0 1.073643175462514 1.2454477198422398
63 2.38 23.8 117862.25945426626 89924.49055548577 1322.2695088975508 933.8921088209937 2.7655427321178156 2.4869421487603307 6.566666666666666 5.0 1.073643175462514 1.2454477198422398
64 2.38 23.8 117827.8534924005 89924.49055548577 1319.7468503689745 933.8921088209937 2.764126277795398 2.4869421487603307 6.5777777777777775 5.0 1.0745450467960722 1.2454477198422398
65 2.38 23.8 117827.8534924005 89924.49055548577 1319.7468503689745 933.8921088209937 2.764126277795398 2.4869421487603307 6.5777777777777775 5.0 1.0745450467960722 1.2454477198422398
66 2.38 23.8 117827.8534924005 89924.49055548577 1319.7468503689745 933.8921088209937 2.764126277795398 2.4869421487603307 6.5777777777777775 5.0 1.0745450467960722 1.2454477198422398
67 2.38 23.8 117795.25411790899 89924.49055548577 1318.193188689406 933.8921088209937 2.764679808238042 2.4869421487603307 6.5777777777777775 5.0 1.075263707999026 1.2454477198422398
68 2.38 23.8 117916.88549939588 89924.49055548577 1316.1208311485477 933.8921088209937 2.7631154383479566 2.4869421487603307 6.5777777777777775 5.0 1.0763991176375123 1.2454477198422398
69 2.38 23.8 117916.88549939588 89924.49055548577 1316.1208311485477 933.8921088209937 2.7631154383479566 2.4869421487603307 6.5777777777777775 5.0 1.0763991176375123 1.2454477198422398
70 2.38 23.8 117916.88549939588 89924.49055548577 1316.1208311485477 933.8921088209937 2.7631154383479566 2.4869421487603307 6.5777777777777775 5.0 1.0763991176375123 1.2454477198422398
71 2.38 23.8 117916.88549939588 89924.49055548577 1316.1208311485477 933.8921088209937 2.7631154383479566 2.4869421487603307 6.5777777777777775 5.0 1.0763991176375123 1.2454477198422398
72 2.38 23.8 117916.88549939588 89924.49055548577 1316.1208311485477 933.8921088209937 2.7631154383479566 2.4869421487603307 6.5777777777777775 5.0 1.0763991176375123 1.2454477198422398
73 2.38 23.8 117916.88549939588 89924.49055548577 1316.1208311485477 933.8921088209937 2.7631154383479566 2.4869421487603307 6.5777777777777775 5.0 1.0763991176375123 1.2454477198422398
74 2.38 23.8 117889.8410529009 89924.49055548577 1318.0289634177502 933.8921088209937 2.7654087972800916 2.4869421487603307 6.5777777777777775 5.0 1.0747067291282548 1.2454477198422398
75 2.38 23.8 117739.72337524583 89924.49055548577 1317.0493521623869 933.8921088209937 2.7677465286412035 2.4869421487603307 6.5777777777777775 5.0 1.074848177085702 1.2454477198422398
76 2.38 23.8 117739.72337524583 89924.49055548577 1317.0493521623869 933.8921088209937 2.7677465286412035 2.4869421487603307 6.5777777777777775 5.0 1.074848177085702 1.2454477198422398
77 2.38 23.8 117739.72337524583 89924.49055548577 1317.0493521623869 933.8921088209937 2.7677465286412035 2.4869421487603307 6.5777777777777775 5.0 1.074848177085702 1.2454477198422398
78 2.38 23.8 117739.72337524583 89924.49055548577 1317.0493521623869 933.8921088209937 2.7677465286412035 2.4869421487603307 6.5777777777777775 5.0 1.074848177085702 1.2454477198422398
79 2.38 23.8 117394.39449898992 89924.49055548577 1316.5135654851754 933.8921088209937 2.771790181260667 2.4869421487603307 6.588888888888889 5.0 1.07504269291952 1.2454477198422398
80 2.38 23.8 117394.39449898992 89924.49055548577 1316.5135654851754 933.8921088209937 2.771790181260667 2.4869421487603307 6.588888888888889 5.0 1.07504269291952 1.2454477198422398
81 2.38 23.8 117394.39449898992 89924.49055548577 1316.5135654851754 933.8921088209937 2.771790181260667 2.4869421487603307 6.588888888888889 5.0 1.07504269291952 1.2454477198422398
82 2.38 23.8 117151.14235412596 89924.49055548577 1315.03020596929 933.8921088209937 2.7713577247295222 2.4869421487603307 6.611111111111111 5.0 1.0749249243152972 1.2454477198422398
83 2.38 23.8 117151.14235412596 89924.49055548577 1315.03020596929 933.8921088209937 2.7713577247295222 2.4869421487603307 6.611111111111111 5.0 1.0749249243152972 1.2454477198422398
84 2.38 23.8 117151.14235412596 89924.49055548577 1315.03020596929 933.8921088209937 2.7713577247295222 2.4869421487603307 6.611111111111111 5.0 1.0749249243152972 1.2454477198422398
85 2.38 23.8 117376.94511169892 89924.49055548577 1314.9090790131895 933.8921088209937 2.771265341580525 2.4869421487603307 6.6 5.0 1.0750947560611432 1.2454477198422398
86 2.38 23.8 117187.63277330378 89924.49055548577 1313.8736114149033 933.8921088209937 2.771792538187556 2.4869421487603307 6.622222222222222 5.0 1.0738696010860274 1.2454477198422398
87 2.38 23.8 117187.63277330378 89924.49055548577 1313.8736114149033 933.8921088209937 2.771792538187556 2.4869421487603307 6.622222222222222 5.0 1.0738696010860274 1.2454477198422398
88 2.38 23.8 117187.63277330378 89924.49055548577 1313.8736114149033 933.8921088209937 2.771792538187556 2.4869421487603307 6.622222222222222 5.0 1.0738696010860274 1.2454477198422398
89 2.38 23.8 117187.63277330378 89924.49055548577 1313.8736114149033 933.8921088209937 2.771792538187556 2.4869421487603307 6.622222222222222 5.0 1.0738696010860274 1.2454477198422398
90 2.38 23.8 117187.63277330378 89924.49055548577 1313.8736114149033 933.8921088209937 2.771792538187556 2.4869421487603307 6.622222222222222 5.0 1.0738696010860274 1.2454477198422398
91 2.38 23.8 117187.63277330378 89924.49055548577 1313.8736114149033 933.8921088209937 2.771792538187556 2.4869421487603307 6.622222222222222 5.0 1.0738696010860274 1.2454477198422398
92 2.38 23.8 117187.63277330378 89924.49055548577 1313.8736114149033 933.8921088209937 2.771792538187556 2.4869421487603307 6.622222222222222 5.0 1.0738696010860274 1.2454477198422398
93 2.38 23.8 116998.64851054613 89924.49055548577 1313.8511411294437 933.8921088209937 2.774470224137969 2.4869421487603307 6.633333333333334 5.0 1.072913359666043 1.2454477198422398
94 2.38 23.8 116998.64851054613 89924.49055548577 1313.8511411294437 933.8921088209937 2.774470224137969 2.4869421487603307 6.633333333333334 5.0 1.072913359666043 1.2454477198422398
95 2.38 23.8 116998.64851054613 89924.49055548577 1313.8511411294437 933.8921088209937 2.774470224137969 2.4869421487603307 6.633333333333334 5.0 1.072913359666043 1.2454477198422398
96 2.38 23.8 116998.64851054613 89924.49055548577 1313.8511411294437 933.8921088209937 2.774470224137969 2.4869421487603307 6.633333333333334 5.0 1.072913359666043 1.2454477198422398
97 2.38 23.8 117326.92668803374 89924.49055548577 1313.2645798093536 933.8921088209937 2.7722783208705657 2.4869421487603307 6.611111111111111 5.0 1.07500154071822 1.2454477198422398
98 2.38 23.8 117326.92668803374 89924.49055548577 1313.2645798093536 933.8921088209937 2.7722783208705657 2.4869421487603307 6.611111111111111 5.0 1.07500154071822 1.2454477198422398
99 2.38 23.8 117326.92668803374 89924.49055548577 1313.2645798093536 933.8921088209937 2.7722783208705657 2.4869421487603307 6.611111111111111 5.0 1.07500154071822 1.2454477198422398
