0 2.7125 43.4 180780.42928068878 137224.22444085364 1044.9827129848386 846.8358373765299 2.6558430603518617 2.551043271250525 6.1125 5.0 2.3957385291707043 2.392420629599837
1 2.7125 43.4 180780.42928068878 137224.22444085364 1044.9827129848386 846.8358373765299 2.6558430603518617 2.551043271250525 6.1125 5.0 2.3957385291707043 2.392420629599837
2 2.7125 43.4 180780.42928068878 137224.22444085364 1044.9827129848386 846.8358373765299 2.6558430603518617 2.551043271250525 6.1125 5.0 2.3957385291707043 2.392420629599837
3 2.7125 43.4 180997.38046204814 137224.22444085364 1044.7841829306822 846.8358373765299 2.6521758568789586 2.551043271250525 6.1125 5.0 2.396600541519812 2.392420629599837
4 2.7125 43.4 180997.38046204814 137224.22444085364 1044.7841829306822 846.8358373765299 2.6521758568789586 2.551043271250525 6.1125 5.0 2.396600541519812 2.392420629599837
5 2.7125 43.4 181046.95990423393 137224.22444085364 1046.5244109387536 846.8358373765299 2.65331337602494 2.551043271250525 6.1125 5.0 2.391170644470344 2.392420629599837
6 2.7125 43.4 181046.95990423393 137224.22444085364 1046.5244109387536 846.8358373765299 2.65331337602494 2.551043271250525 6.1125 5.0 2.391170644470344 2.392420629599837
7 2.7125 43.4 181046.95990423393 137224.22444085364 1046.5244109387536 846.8358373765299 2.65331337602494 2.551043271250525 6.1125 5.0 2.391170644470344 2.392420629599837
8 2.7125 43.4 180560.4819716402 137224.22444085364 1046.2899186758814 846.8358373765299 2.6543726530978784 2.551043271250525 6.1375 5.0 2.3860544105465675 2.392420629599837
9 2.7125 43.4 180560.4819716402 137224.22444085364 1046.2899186758814 846.8358373765299 2.6543726530978784 2.551043271250525 6.1375 5.0 2.3860544105465675 2.392420629599837
10 2.7125 43.4 180708.1399733604 137224.22444085364 1046.6958162749754 846.8358373765299 2.6543831558285884 2.551043271250525 6.125 5.0 2.390047106199437 2.392420629599837
11 2.7125 43.4 180708.1399733604 137224.22444085364 1046.6958162749754 846.8358373765299 2.6543831558285884 2.551043271250525 6.125 5.0 2.390047106199437 2.392420629599837
12 2.7125 43.4 180708.1399733604 137224.22444085364 1046.6958162749754 846.8358373765299 2.6543831558285884 2.551043271250525 6.125 5.0 2.390047106199437 2.392420629599837
13 2.7125 43.4 180708.1399733604 137224.22444085364 1046.6958162749754 846.8358373765299 2.6543831558285884 2.551043271250525 6.125 5.0 2.390047106199437 2.392420629599837
14 2.7125 43.4 180708.1399733604 137224.22444085364 1046.6958162749754 846.8358373765299 2.6543831558285884 2.551043271250525 6.125 5.0 2.390047106199437 2.392420629599837
15 2.7125 43.4 180708.1399733604 137224.22444085364 1046.6958162749754 846.8358373765299 2.6543831558285884 2.551043271250525 6.125 5.0 2.390047106199437 2.392420629599837
16 2.7125 43.4 180708.1399733604 137224.22444085364 1046.6958162749754 846.8358373765299 2.6543831558285884 2.551043271250525 6.125 5.0 2.390047106199437 2.392420629599837
17 2.7125 43.4 180764.12442364247 136301.06674083465 1044.8487858876138 839.3045929028477 2.6526624584472693 2.547962470242263 6.125 5.0 2.3945157787365794 2.403011987742676
18 2.7125 43.4 180764.12442364247 136301.06674083465 1044.8487858876138 839.3045929028477 2.6526624584472693 2.547962470242263 6.125 5.0 2.3945157787365794 2.403011987742676
19 2.7125 43.4 180549.3739674965 136301.06674083465 1044.6368921493488 839.3045929028477 2.656269816366283 2.547962470242263 6.1375 5.0 2.3894484294039535 2.403011987742676
20 2.7125 43.4 180608.02346173866 136301.06674083465 1042.7604131059738 839.3045929028477 2.655349401141369 2.547962470242263 6.15 5.0 2.3884253408145577 2.403011987742676
21 2.7125 43.4 180608.02346173866 136301.06674083465 1042.7604131059738 839.3045929028477 2.655349401141369 2.547962470242263 6.15 5.0 2.3884253408145577 2.403011987742676
22 2.7125 43.4 180608.02346173866 136301.06674083465 1042.7604131059738 839.3045929028477 2.655349401141369 2.547962470242263 6.15 5.0 2.3884253408145577 2.403011987742676
23 2.7125 43.4 180464.35337088528 136301.06674083465 1044.1445115422694 839.3045929028477 2.6571373641352056 2.547962470242263 6.15 5.0 2.3848573295093596 2.403011987742676
24 2.7125 43.4 180501.21484027783 136301.06674083465 1045.0533521483999 839.3045929028477 2.658440132301296 2.547962470242263 6.15 5.0 2.3831273706178453 2.403011987742676
25 2.7125 43.4 180501.21484027783 136301.06674083465 1045.0533521483999 839.3045929028477 2.658440132301296 2.547962470242263 6.15 5.0 2.3831273706178453 2.403011987742676
26 2.7125 43.4 180212.44373359918 136301.06674083465 1043.7044639644143 839.3045929028477 2.6593537804726575 2.547962470242263 6.1625 5.0 2.383742435348547 2.403011987742676
27 2.7125 43.4 180212.44373359918 136301.06674083465 1043.7044639644143 839.3045929028477 2.6593537804726575 2.547962470242263 6.1625 5.0 2.383742435348547 2.403011987742676
28 2.7125 43.4 180212.44373359918 136301.06674083465 1043.7044639644143 839.3045929028477 2.6593537804726575 2.547962470242263 6.1625 5.0 2.383742435348547 2.403011987742676
29 2.7125 43.4 180212.44373359918 136301.06674083465 1043.7044639644143 839.3045929028477 2.6593537804726575 2.547962470242263 6.1625 5.0 2.383742435348547 2.403011987742676
30 2.7125 43.4 180212.44373359918 136301.06674083465 1043.7044639644143 839.3045929028477 2.6593537804726575 2.547962470242263 6.1625 5.0 2.383742435348547 2.403011987742676
31 2.7125 43.4 180314.700209882 136301.06674083465 1043.1876785097227 839.3045929028477 2.657059732941751 2.547962470242263 6.1625 5.0 2.3855643901544754 2.403011987742676
32 2.7125 43.4 180314.700209882 136301.06674083465 1043.1876785097227 839.3045929028477 2.657059732941751 2.547962470242263 6.1625 5.0 2.3855643901544754 2.403011987742676
33 2.7125 43.4 180314.700209882 136301.06674083465 1043.1876785097227 839.3045929028477 2.657059732941751 2.547962470242263 6.1625 5.0 2.3855643901544754 2.403011987742676
34 2.7125 43.4 180314.700209882 136301.06674083465 1043.1876785097227 839.3045929028477 2.657059732941751 2.547962470242263 6.1625 5.0 2.3855643901544754 2.403011987742676
35 2.7125 43.4 180314.700209882 136301.06674083465 1043.1876785097227 839.3045929028477 2.657059732941751 2.547962470242263 6.1625 5.0 2.3855643901544754 2.403011987742676
36 2.7125 43.4 180314.700209882 136301.06674083465 1043.1876785097227 839.3045929028477 2.657059732941751 2.547962470242263 6.1625 5.0 2.3855643901544754 2.403011987742676
37 2.7125 43.4 180314.700209882 136301.06674083465 1043.1876785097227 839.3045929028477 2.657059732941751 2.547962470242263 6.1625 5.0 2.3855643901544754 2.403011987742676
38 2.7125 43.4 180314.700209882 136301.06674083465 1043.1876785097227 839.3045929028477 2.657059732941751 2.547962470242263 6.1625 5.0 2.3855643901544754 2.403011987742676
39 2.7125 43.4 180599.92276806186 136301.06674083465 1044.9911514971868 839.3045929028477 2.657091096926467 2.547962470242263 6.15 5.0 2.3836524016609575 2.403011987742676
40 2.7125 43.4 180599.92276806186 136301.06674083465 1044.9911514971868 839.3045929028477 2.657091096926467 2.547962470242263 6.15 5.0 2.3836524016609575 2.403011987742676
41 2.7125 43.4 180599.92276806186 136301.06674083465 1044.9911514971868 839.3045929028477 2.657091096926467 2.547962470242263 6.15 5.0 2.3836524016609575 2.403011987742676
42 2.7125 43.4 180599.92276806186 136301.06674083465 1044.9911514971868 839.3045929028477 2.657091096926467 2.547962470242263 6.15 5.0 2.3836524016609575 2.403011987742676
43 2.7125 43.4 180573.74711602178 136301.06674083465 1047.1799737024137 839.3045929028477 2.6590953680369553 2.547962470242263 6.15 5.0 2.377852308404731 2.403011987742676
44 2.7125 43.4 180573.74711602178 136301.06674083465 1047.1799737024137 839.3045929028477 2.6590953680369553 2.547962470242263 6.15 5.0 2.377852308404731 2.403011987742676
45 2.7125 43.4 180573.74711602178 136301.06674083465 1047.1799737024137 839.3045929028477 2.6590953680369553 2.547962470242263 6.15 5.0 2.377852308404731 2.403011987742676
46 2.7125 43.4 180573.74711602178 136301.06674083465 1047.1799737024137 839.3045929028477 2.6590953680369553 2.547962470242263 6.15 5.0 2.377852308404731 2.403011987742676
47 2.7125 43.4 180573.74711602178 136301.06674083465 1047.1799737024137 839.3045929028477 2.6590953680369553 2.547962470242263 6.15 5.0 2.377852308404731 2.403011987742676
48 2.7125 43.4 180573.74711602178 136301.06674083465 1047.1799737024137 839.3045929028477 2.6590953680369553 2.547962470242263 6.15 5.0 2.377852308404731 2.403011987742676
49 2.7125 43.4 180565.79597207112 136301.06674083465 1047.056477578097 839.3045929028477 2.6601434281468332 2.547962470242263 6.15 5.0 2.3774474050529126 2.403011987742676
50 2.7125 43.4 180565.79597207112 136301.06674083465 1047.056477578097 839.3045929028477 2.6601434281468332 2.547962470242263 6.15 5.0 2.3774474050529126 2.403011987742676
51 2.7125 43.4 180441.30370778352 136301.06674083465 1047.229770051427 839.3045929028477 2.6616461518395242 2.547962470242263 6.1625 5.0 2.3733164909054274 2.403011987742676
52 2.7125 43.4 180818.04178208314 136301.06674083465 1046.4148940470538 839.3045929028477 2.6589603116525633 2.547962470242263 6.15 5.0 2.376683220594843 2.403011987742676
53 2.7125 43.4 180667.5662276314 136301.06674083465 1048.2691209238717 839.3045929028477 2.662545811265733 2.547962470242263 6.15 5.0 2.3705702238460478 2.403011987742676
54 2.7125 43.4 180571.462693465 136301.06674083465 1047.3066499825197 839.3045929028477 2.663192029143973 2.547962470242263 6.15 5.0 2.37333429597881 2.403011987742676
55 2.7125 43.4 180571.462693465 136301.06674083465 1047.3066499825197 839.3045929028477 2.663192029143973 2.547962470242263 6.15 5.0 2.37333429597881 2.403011987742676
56 2.7125 43.4 180564.5111599196 136301.06674083465 1047.2231444694078 839.3045929028477 2.6632270382463394 2.547962470242263 6.15 5.0 2.3733990452050078 2.403011987742676
57 2.7125 43.4 180564.5111599196 136301.06674083465 1047.2231444694078 839.3045929028477 2.6632270382463394 2.547962470242263 6.15 5.0 2.3733990452050078 2.403011987742676
58 2.7125 43.4 180632.3426562104 136301.06674083465 1045.9091673448536 839.3045929028477 2.660747799492014 2.547962470242263 6.15 5.0 2.3772714213920323 2.403011987742676
59 2.7125 43.4 181087.62761116395 136301.06674083465 1048.2490467679754 839.3045929028477 2.658544490598001 2.547962470242263 6.125 5.0 2.3780012816937477 2.403011987742676
60 2.7125 43.4 181087.62761116395 136301.06674083465 1048.2490467679754 839.3045929028477 2.658544490598001 2.547962470242263 6.125 5.0 2.3780012816937477 2.403011987742676
61 2.7125 43.4 181087.62761116395 136301.06674083465 1048.2490467679754 839.3045929028477 2.658544490598001 2.547962470242263 6.125 5.0 2.3780012816937477 2.403011987742676
62 2.7125 43.4 181087.62761116395 136301.06674083465 1048.2490467679754 839.3045929028477 2.658544490598001 2.547962470242263 6.125 5.0 2.3780012816937477 2.403011987742676
63 2.7125 43.4 181087.62761116395 136301.06674083465 1048.2490467679754 839.3045929028477 2.658544490598001 2.547962470242263 6.125 5.0 2.3780012816937477 2.403011987742676
64 2.7125 43.4 181087.62761116395 136301.06674083465 1048.2490467679754 839.3045929028477 2.658544490598001 2.547962470242263 6.125 5.0 2.3780012816937477 2.403011987742676
65 2.7125 43.4 181087.62761116395 136301.06674083465 1048.2490467679754 839.3045929028477 2.658544490598001 2.547962470242263 6.125 5.0 2.3780012816937477 2.403011987742676
66 2.7125 43.4 181087.62761116395 136301.06674083465 1048.2490467679754 839.3045929028477 2.658544490598001 2.547962470242263 6.125 5.0 2.3780012816937477 2.403011987742676
67 2.7125 43.4 181087.62761116395 136301.06674083465 1048.2490467679754 839.3045929028477 2.658544490598001 2.547962470242263 6.125 5.0 2.3780012816937477 2.403011987742676
68 2.7125 43.4 181144.06874569002 136301.06674083465 1047.9624260081298 839.3045929028477 2.6577919311708085 2.547962470242263 6.125 5.0 2.3785839840445697 2.403011987742676
69 2.7125 43.4 181144.06874569002 136301.06674083465 1047.9624260081298 839.3045929028477 2.6577919311708085 2.547962470242263 6.125 5.0 2.3785839840445697 2.403011987742676
70 2.7125 43.4 181144.06874569002 136301.06674083465 1047.9624260081298 839.3045929028477 2.6577919311708085 2.547962470242263 6.125 5.0 2.3785839840445697 2.403011987742676
71 2.7125 43.4 181144.06874569002 136301.06674083465 1047.9624260081298 839.3045929028477 2.6577919311708085 2.547962470242263 6.125 5.0 2.3785839840445697 2.403011987742676
72 2.7125 43.4 181144.06874569002 136301.06674083465 1047.9624260081298 839.3045929028477 2.6577919311708085 2.547962470242263 6.125 5.0 2.3785839840445697 2.403011987742676
73 2.7125 43.4 181144.06874569002 136301.06674083465 1047.9624260081298 839.3045929028477 2.6577919311708085 2.547962470242263 6.125 5.0 2.3785839840445697 2.403011987742676
74 2.7125 43.4 180827.90794847027 136301.06674083465 1046.830004055593 839.3045929028477 2.658137728497468 2.547962470242263 6.1375 5.0 2.380354488073 2.403011987742676
75 2.7125 43.4 180827.90794847027 136301.06674083465 1046.830004055593 839.3045929028477 2.658137728497468 2.547962470242263 6.1375 5.0 2.380354488073 2.403011987742676
76 2.7125 43.4 180827.90794847027 136301.06674083465 1046.830004055593 839.3045929028477 2.658137728497468 2.547962470242263 6.1375 5.0 2.380354488073 2.403011987742676
77 2.7125 43.4 180827.90794847027 136301.06674083465 1046.830004055593 839.3045929028477 2.658137728497468 2.547962470242263 6.1375 5.0 2.380354488073 2.403011987742676
78 2.7125 43.4 180807.9706397934 136301.06674083465 1047.4798821916831 839.3045929028477 2.6577385770018163 2.547962470242263 6.1375 5.0 2.379267134161741 2.403011987742676
79 2.875 46.0 180742.78276806674 132559.70640712598 1047.8667541098753 819.6262294795368 2.6573847105674777 2.513771626297578 6.1375 5.0 2.380093709275812 2.5406438507155946
80 2.875 46.0 180742.78276806674 132559.70640712598 1047.8667541098753 819.6262294795368 2.6573847105674777 2.513771626297578 6.1375 5.0 2.380093709275812 2.5406438507155946
81 2.875 46.0 180742.78276806674 132559.70640712598 1047.8667541098753 819.6262294795368 2.6573847105674777 2.513771626297578 6.1375 5.0 2.380093709275812 2.5406438507155946
82 2.875 46.0 180604.4601062929 132559.70640712598 1048.0647574440811 819.6262294795368 2.6600583213118076 2.513771626297578 6.1375 5.0 2.3789782926553213 2.5406438507155946
83 2.875 46.0 180388.91999323893 132559.70640712598 1047.117722793419 819.6262294795368 2.6592290107434335 2.513771626297578 6.15 5.0 2.377634023492401 2.5406438507155946
84 2.875 46.0 180227.7541314329 132559.70640712598 1046.4303198786201 819.6262294795368 2.659106366520666 2.513771626297578 6.15 5.0 2.3815134736935617 2.5406438507155946
85 2.875 46.0 180227.7541314329 132559.70640712598 1046.4303198786201 819.6262294795368 2.659106366520666 2.513771626297578 6.15 5.0 2.3815134736935617 2.5406438507155946
86 2.875 46.0 180227.7541314329 132559.70640712598 1046.4303198786201 819.6262294795368 2.659106366520666 2.513771626297578 6.15 5.0 2.3815134736935617 2.5406438507155946
87 2.875 46.0 180538.3115293593 132559.70640712598 1048.3720122412499 819.6262294795368 2.6609753610467006 2.513771626297578 6.1375 5.0 2.377339211301744 2.5406438507155946
88 2.875 46.0 180538.3115293593 132559.70640712598 1048.3720122412499 819.6262294795368 2.6609753610467006 2.513771626297578 6.1375 5.0 2.377339211301744 2.5406438507155946
89 2.875 46.0 180538.3115293593 132559.70640712598 1048.3720122412499 819.6262294795368 2.6609753610467006 2.513771626297578 6.1375 5.0 2.377339211301744 2.5406438507155946
90 2.875 46.0 180538.3115293593 132559.70640712598 1048.3720122412499 819.6262294795368 2.6609753610467006 2.513771626297578 6.1375 5.0 2.377339211301744 2.5406438507155946
91 2.875 46.0 180538.3115293593 132559.70640712598 1048.3720122412499 819.6262294795368 2.6609753610467006 2.513771626297578 6.1375 5.0 2.377339211301744 2.5406438507155946
92 2.875 46.0 180538.3115293593 132559.70640712598 1048.3720122412499 819.6262294795368 2.6609753610467006 2.513771626297578 6.1375 5.0 2.377339211301744 2.5406438507155946
93 2.875 46.0 180538.3115293593 132559.70640712598 1048.3720122412499 819.6262294795368 2.6609753610467006 2.513771626297578 6.1375 5.0 2.377339211301744 2.5406438507155946
94 2.875 46.0 180570.26409332923 132559.70640712598 1047.91997019215 819.6262294795368 2.661022219475324 2.513771626297578 6.1375 5.0 2.377794345135899 2.5406438507155946
95 2.875 46.0 180690.0783858934 132559.70640712598 1048.2555426024242 819.6262294795368 2.6596513805380106 2.513771626297578 6.1375 5.0 2.37687153827481 2.5406438507155946
96 2.875 46.0 180690.0783858934 132559.70640712598 1048.2555426024242 819.6262294795368 2.6596513805380106 2.513771626297578 6.1375 5.0 2.37687153827481 2.5406438507155946
97 2.875 46.0 180794.32168982222 132559.70640712598 1048.0032657525483 819.6262294795368 2.659686220288387 2.513771626297578 6.1375 5.0 2.37605850334544 2.5406438507155946
98 2.875 46.0 180794.32168982222 132559.70640712598 1048.0032657525483 819.6262294795368 2.659686220288387 2.513771626297578 6.1375 5.0 2.37605850334544 2.5406438507155946
99 2.875 46.0 180794.32168982222 132559.70640712598 1048.0032657525483 819.6262294795368 2.659686220288387 2.513771626297578 6.1375 5.0 2.37605850334544 2.5406438507155946
100 2.875 46.0 180794.32168982222 132559.70640712598 1048.0032657525483 819.6262294795368 2.659686220288387 2.513771626297578 6.1375 5.0 2.37605850334544 2.5406438507155946
101 2.875 46.0 180794.32168982222 132559.70640712598 1048.0032657525483 819.6262294795368 2.659686220288387 2.513771626297578 6.1375 5.0 2.37605850334544 2.5406438507155946
102 2.875 46.0 180794.32168982222 132559.70640712598 1048.0032657525483 819.6262294795368 2.659686220288387 2.513771626297578 6.1375 5.0 2.37605850334544 2.5406438507155946
103 2.875 46.0 180794.32168982222 132559.70640712598 1048.0032657525483 819.6262294795368 2.659686220288387 2.513771626297578 6.1375 5.0 2.37605850334544 2.5406438507155946
104 2.875 46.0 180794.32168982222 132559.70640712598 1048.0032657525483 819.6262294795368 2.659686220288387 2.513771626297578 6.1375 5.0 2.37605850334544 2.5406438507155946
105 2.875 46.0 180794.32168982222 132559.70640712598 1048.0032657525483 819.6262294795368 2.659686220288387 2.513771626297578 6.1375 5.0 2.37605850334544 2.5406438507155946
106 2.875 46.0 180794.32168982222 132559.70640712598 1048.0032657525483 819.6262294795368 2.659686220288387 2.513771626297578 6.1375 5.0 2.37605850334544 2.5406438507155946
107 2.875 46.0 180794.32168982222 132559.70640712598 1048.0032657525483 819.6262294795368 2.659686220288387 2.513771626297578 6.1375 5.0 2.37605850334544 2.5406438507155946
108 2.875 46.0 180736.75968170902 132559.70640712598 1048.5820058070178 819.6262294795368 2.6606435256583714 2.513771626297578 6.1375 5.0 2.3746725403034366 2.5406438507155946
109 2.875 46.0 181139.36333076353 132559.70640712598 1048.5084763412353 819.6262294795368 2.6599674882752944 2.513771626297578 6.125 5.0 2.3769180940099828 2.5406438507155946
110 2.875 46.0 181139.36333076353 132559.70640712598 1048.5084763412353 819.6262294795368 2.6599674882752944 2.513771626297578 6.125 5.0 2.3769180940099828 2.5406438507155946
111 2.875 46.0 181139.36333076353 132559.70640712598 1048.5084763412353 819.6262294795368 2.6599674882752944 2.513771626297578 6.125 5.0 2.3769180940099828 2.5406438507155946
112 2.875 46.0 181139.36333076353 132559.70640712598 1048.5084763412353 819.6262294795368 2.6599674882752944 2.513771626297578 6.125 5.0 2.3769180940099828 2.5406438507155946
113 2.875 46.0 181144.8651686713 132559.70640712598 1048.5063173632639 819.6262294795368 2.659957107652457 2.513771626297578 6.125 5.0 2.3769853855911243 2.5406438507155946
114 2.875 46.0 181144.8651686713 132559.70640712598 1048.5063173632639 819.6262294795368 2.659957107652457 2.513771626297578 6.125 5.0 2.3769853855911243 2.5406438507155946
115 2.875 46.0 181144.8651686713 132559.70640712598 1048.5063173632639 819.6262294795368 2.659957107652457 2.513771626297578 6.125 5.0 2.3769853855911243 2.5406438507155946
116 2.875 46.0 181187.33741389198 132559.70640712598 1046.9116592699652 819.6262294795368 2.6575254141257196 2.513771626297578 6.125 5.0 2.381467117413666 2.5406438507155946
117 2.875 46.0 181466.91750406608 132559.70640712598 1045.7841789235636 819.6262294795368 2.6578498377838295 2.513771626297578 6.1375 5.0 2.385889847405549 2.5406438507155946
118 2.875 46.0 181466.91750406608 132559.70640712598 1045.7841789235636 819.6262294795368 2.6578498377838295 2.513771626297578 6.1375 5.0 2.385889847405549 2.5406438507155946
119 2.875 46.0 181466.91750406608 132559.70640712598 1045.7841789235636 819.6262294795368 2.6578498377838295 2.513771626297578 6.1375 5.0 2.385889847405549 2.5406438507155946
120 2.875 46.0 181466.91750406608 132559.70640712598 1045.7841789235636 819.6262294795368 2.6578498377838295 2.513771626297578 6.1375 5.0 2.385889847405549 2.5406438507155946
121 2.875 46.0 181466.91750406608 132559.70640712598 1045.7841789235636 819.6262294795368 2.6578498377838295 2.513771626297578 6.1375 5.0 2.385889847405549 2.5406438507155946
122 2.875 46.0 181421.33467036142 132559.70640712598 1045.7624985166494 819.6262294795368 2.658187208026044 2.513771626297578 6.1375 5.0 2.38605577407023 2.5406438507155946
123 2.875 46.0 181421.33467036142 132559.70640712598 1045.7624985166494 819.6262294795368 2.658187208026044 2.513771626297578 6.1375 5.0 2.38605577407023 2.5406438507155946
124 2.875 46.0 181421.33467036142 132559.70640712598 1045.7624985166494 819.6262294795368 2.658187208026044 2.513771626297578 6.1375 5.0 2.38605577407023 2.5406438507155946
125 2.875 46.0 181421.33467036142 132559.70640712598 1045.7624985166494 819.6262294795368 2.658187208026044 2.513771626297578 6.1375 5.0 2.38605577407023 2.5406438507155946
126 2.875 46.0 181421.33467036142 132559.70640712598 1045.7624985166494 819.6262294795368 2.658187208026044 2.513771626297578 6.1375 5.0 2.38605577407023 2.5406438507155946
127 2.875 46.0 181421.33467036142 132559.70640712598 1045.7624985166494 819.6262294795368 2.658187208026044 2.513771626297578 6.1375 5.0 2.38605577407023 2.5406438507155946
128 2.875 46.0 181401.71043277398 132559.70640712598 1045.725226037182 819.6262294795368 2.6581837071158074 2.513771626297578 6.1375 5.0 2.386090969774762 2.5406438507155946
129 2.875 46.0 181607.36657215678 132559.70640712598 1046.31658655418 819.6262294795368 2.659047722313392 2.513771626297578 6.125 5.0 2.38588538303583 2.5406438507155946
130 2.875 46.0 181607.36657215678 132559.70640712598 1046.31658655418 819.6262294795368 2.659047722313392 2.513771626297578 6.125 5.0 2.38588538303583 2.5406438507155946
131 2.875 46.0 181607.36657215678 132559.70640712598 1046.31658655418 819.6262294795368 2.659047722313392 2.513771626297578 6.125 5.0 2.38588538303583 2.5406438507155946
132 2.875 46.0 181607.36657215678 132559.70640712598 1046.31658655418 819.6262294795368 2.659047722313392 2.513771626297578 6.125 5.0 2.38588538303583 2.5406438507155946
133 2.875 46.0 181607.36657215678 132559.70640712598 1046.31658655418 819.6262294795368 2.659047722313392 2.513771626297578 6.125 5.0 2.38588538303583 2.5406438507155946
134 2.875 46.0 181607.36657215678 132559.70640712598 1046.31658655418 819.6262294795368 2.659047722313392 2.513771626297578 6.125 5.0 2.38588538303583 2.5406438507155946
135 2.875 46.0 181607.36657215678 132559.70640712598 1046.31658655418 819.6262294795368 2.659047722313392 2.513771626297578 6.125 5.0 2.38588538303583 2.5406438507155946
136 2.875 46.0 181607.36657215678 132559.70640712598 1046.31658655418 819.6262294795368 2.659047722313392 2.513771626297578 6.125 5.0 2.38588538303583 2.5406438507155946
137 2.875 46.0 181490.3530254842 132559.70640712598 1046.9244081708368 819.6262294795368 2.662177541144041 2.513771626297578 6.125 5.0 2.382731851096024 2.5406438507155946
138 2.875 46.0 181490.3530254842 132559.70640712598 1046.9244081708368 819.6262294795368 2.662177541144041 2.513771626297578 6.125 5.0 2.382731851096024 2.5406438507155946
139 2.875 46.0 181490.3530254842 132559.70640712598 1046.9244081708368 819.6262294795368 2.662177541144041 2.513771626297578 6.125 5.0 2.382731851096024 2.5406438507155946
140 2.875 46.0 181490.3530254842 132559.70640712598 1046.9244081708368 819.6262294795368 2.662177541144041 2.513771626297578 6.125 5.0 2.382731851096024 2.5406438507155946
141 2.875 46.0 181308.73425535383 132559.70640712598 1048.2042155595293 819.6262294795368 2.6633996316211292 2.513771626297578 6.125 5.0 2.380999003773198 2.5406438507155946
142 2.875 46.0 181308.73425535383 132559.70640712598 1048.2042155595293 819.6262294795368 2.6633996316211292 2.513771626297578 6.125 5.0 2.380999003773198 2.5406438507155946
143 2.875 46.0 181164.839402901 132559.70640712598 1048.3497062723604 819.6262294795368 2.666222027651868 2.513771626297578 6.125 5.0 2.3801752575651602 2.5406438507155946
144 2.875 46.0 181164.839402901 132559.70640712598 1048.3497062723604 819.6262294795368 2.666222027651868 2.513771626297578 6.125 5.0 2.3801752575651602 2.5406438507155946
145 2.875 46.0 181164.839402901 132559.70640712598 1048.3497062723604 819.6262294795368 2.666222027651868 2.513771626297578 6.125 5.0 2.3801752575651602 2.5406438507155946
146 2.875 46.0 181164.839402901 132559.70640712598 1048.3497062723604 819.6262294795368 2.666222027651868 2.513771626297578 6.125 5.0 2.3801752575651602 2.5406438507155946
147 2.875 46.0 181164.839402901 132559.70640712598 1048.3497062723604 819.6262294795368 2.666222027651868 2.513771626297578 6.125 5.0 2.3801752575651602 2.5406438507155946
148 2.875 46.0 180867.8675645533 132559.70640712598 1048.5260960869964 819.6262294795368 2.668734930740068 2.513771626297578 6.1375 5.0 2.377070151875135 2.5406438507155946
149 2.875 46.0 180867.8675645533 132559.70640712598 1048.5260960869964 819.6262294795368 2.668734930740068 2.513771626297578 6.1375 5.0 2.377070151875135 2.5406438507155946
150 2.875 46.0 180867.8675645533 132559.70640712598 1048.5260960869964 819.6262294795368 2.668734930740068 2.513771626297578 6.1375 5.0 2.377070151875135 2.5406438507155946
151 2.875 46.0 180867.8675645533 132559.70640712598 1048.5260960869964 819.6262294795368 2.668734930740068 2.513771626297578 6.1375 5.0 2.377070151875135 2.5406438507155946
152 2.875 46.0 180867.8675645533 132559.70640712598 1048.5260960869964 819.6262294795368 2.668734930740068 2.513771626297578 6.1375 5.0 2.377070151875135 2.5406438507155946
153 2.875 46.0 180867.8675645533 132559.70640712598 1048.5260960869964 819.6262294795368 2.668734930740068 2.513771626297578 6.1375 5.0 2.377070151875135 2.5406438507155946
154 2.875 46.0 180867.8675645533 132559.70640712598 1048.5260960869964 819.6262294795368 2.668734930740068 2.513771626297578 6.1375 5.0 2.377070151875135 2.5406438507155946
155 2.875 46.0 180254.19877155503 132559.70640712598 1046.3963521260366 819.6262294795368 2.6698126511895994 2.513771626297578 6.1625 5.0 2.3791818277099854 2.5406438507155946
156 2.875 46.0 180254.19877155503 132559.70640712598 1046.3963521260366 819.6262294795368 2.6698126511895994 2.513771626297578 6.1625 5.0 2.3791818277099854 2.5406438507155946
157 2.875 46.0 180217.56036421232 132559.70640712598 1046.5299550297068 819.6262294795368 2.669638829036792 2.513771626297578 6.1625 5.0 2.3790553508306043 2.5406438507155946
158 2.875 46.0 180217.56036421232 132559.70640712598 1046.5299550297068 819.6262294795368 2.669638829036792 2.513771626297578 6.1625 5.0 2.3790553508306043 2.5406438507155946
159 2.875 46.0 180217.56036421232 132559.70640712598 1046.5299550297068 819.6262294795368 2.669638829036792 2.513771626297578 6.1625 5.0 2.3790553508306043 2.5406438507155946
160 2.875 46.0 180355.90492123232 132559.70640712598 1045.9415997733117 819.6262294795368 2.668568987694652 2.513771626297578 6.1625 5.0 2.3793787558157486 2.5406438507155946
161 2.875 46.0 180355.90492123232 132559.70640712598 1045.9415997733117 819.6262294795368 2.668568987694652 2.513771626297578 6.1625 5.0 2.3793787558157486 2.5406438507155946
162 2.875 46.0 180355.90492123232 132559.70640712598 1045.9415997733117 819.6262294795368 2.668568987694652 2.513771626297578 6.1625 5.0 2.3793787558157486 2.5406438507155946
163 2.875 46.0 180631.88978329807 132559.70640712598 1045.750538145192 819.6262294795368 2.665540640012836 2.513771626297578 6.1625 5.0 2.3786233282622553 2.5406438507155946
164 2.875 46.0 180631.88978329807 132559.70640712598 1045.750538145192 819.6262294795368 2.665540640012836 2.513771626297578 6.1625 5.0 2.3786233282622553 2.5406438507155946
165 2.875 46.0 180634.39135820424 132559.70640712598 1046.5327647171387 819.6262294795368 2.666166677869184 2.513771626297578 6.1625 5.0 2.375737872364395 2.5406438507155946
166 2.875 46.0 180634.39135820424 132559.70640712598 1046.5327647171387 819.6262294795368 2.666166677869184 2.513771626297578 6.1625 5.0 2.375737872364395 2.5406438507155946
167 2.875 46.0 180894.71460937796 132559.70640712598 1045.1863125662935 819.6262294795368 2.6636854788474036 2.513771626297578 6.15 5.0 2.381161576061582 2.5406438507155946
168 2.875 46.0 180879.91464793193 132559.70640712598 1044.4217293125535 819.6262294795368 2.663794475387196 2.513771626297578 6.15 5.0 2.3828084454280978 2.5406438507155946
169 2.875 46.0 180879.91464793193 132559.70640712598 1044.4217293125535 819.6262294795368 2.663794475387196 2.513771626297578 6.15 5.0 2.3828084454280978 2.5406438507155946
170 2.875 46.0 180879.91464793193 132559.70640712598 1044.4217293125535 819.6262294795368 2.663794475387196 2.513771626297578 6.15 5.0 2.3828084454280978 2.5406438507155946
171 2.875 46.0 180998.64061621335 132559.70640712598 1045.0808409196109 819.6262294795368 2.6612318911162056 2.513771626297578 6.15 5.0 2.382449768140831 2.5406438507155946
172 2.875 46.0 180972.89294964884 132559.70640712598 1045.1684902659485 819.6262294795368 2.6613685693168976 2.513771626297578 6.15 5.0 2.382457501849189 2.5406438507155946
173 2.875 46.0 180972.89294964884 132559.70640712598 1045.1684902659485 819.6262294795368 2.6613685693168976 2.513771626297578 6.15 5.0 2.382457501849189 2.5406438507155946
174 2.875 46.0 181012.1326358844 132559.70640712598 1043.665575600007 819.6262294795368 2.6596580354777535 2.513771626297578 6.15 5.0 2.3867345360231207 2.5406438507155946
175 2.875 46.0 181012.1326358844 132559.70640712598 1043.665575600007 819.6262294795368 2.6596580354777535 2.513771626297578 6.15 5.0 2.3867345360231207 2.5406438507155946
176 2.875 46.0 181047.43493719527 132559.70640712598 1044.8324026956038 819.6262294795368 2.6622797588559353 2.513771626297578 6.15 5.0 2.3818005521242815 2.5406438507155946
177 2.875 46.0 180878.71749967412 132559.70640712598 1045.3825209923248 819.6262294795368 2.6633576135272152 2.513771626297578 6.15 5.0 2.3820280229245787 2.5406438507155946
178 2.875 46.0 180878.71749967412 132559.70640712598 1045.3825209923248 819.6262294795368 2.6633576135272152 2.513771626297578 6.15 5.0 2.3820280229245787 2.5406438507155946
179 2.875 46.0 180878.71749967412 132559.70640712598 1045.3825209923248 819.6262294795368 2.6633576135272152 2.513771626297578 6.15 5.0 2.3820280229245787 2.5406438507155946
180 2.875 46.0 180462.24287177887 132559.70640712598 1045.5614344073726 819.6262294795368 2.6661532025256838 2.513771626297578 6.1625 5.0 2.3802107098242336 2.5406438507155946
181 2.875 46.0 180222.21401079328 132559.70640712598 1047.3543069849038 819.6262294795368 2.6691522314773635 2.513771626297578 6.1625 5.0 2.375893351623779 2.5406438507155946
182 2.875 46.0 179801.37562269272 132559.70640712598 1047.2520105309732 819.6262294795368 2.67227627345146 2.513771626297578 6.175 5.0 2.3729823159017083 2.5406438507155946
183 2.875 46.0 179530.20582695006 132559.70640712598 1048.5527689481648 819.6262294795368 2.675820563478978 2.513771626297578 6.1875 5.0 2.365478788073634 2.5406438507155946
184 2.875 46.0 179530.20582695006 132559.70640712598 1048.5527689481648 819.6262294795368 2.675820563478978 2.513771626297578 6.1875 5.0 2.365478788073634 2.5406438507155946
185 2.875 46.0 179476.93582427304 132559.70640712598 1047.1835812004645 819.6262294795368 2.6755979264237935 2.513771626297578 6.2 5.0 2.3648044066838048 2.5406438507155946
186 2.875 46.0 179476.93582427304 132559.70640712598 1047.1835812004645 819.6262294795368 2.6755979264237935 2.513771626297578 6.2 5.0 2.3648044066838048 2.5406438507155946
187 2.875 46.0 179892.66293499985 132559.70640712598 1048.1657314282006 819.6262294795368 2.674815010080516 2.513771626297578 6.1875 5.0 2.3626670761998008 2.5406438507155946
188 2.875 46.0 179892.66293499985 132559.70640712598 1048.1657314282006 819.6262294795368 2.674815010080516 2.513771626297578 6.1875 5.0 2.3626670761998008 2.5406438507155946
189 2.875 46.0 179867.51939733763 132559.70640712598 1048.4276179071733 819.6262294795368 2.6759011381364832 2.513771626297578 6.1875 5.0 2.36056112747196 2.5406438507155946
190 2.875 46.0 179867.51939733763 132559.70640712598 1048.4276179071733 819.6262294795368 2.6759011381364832 2.513771626297578 6.1875 5.0 2.36056112747196 2.5406438507155946
191 2.875 46.0 179867.51939733763 132559.70640712598 1048.4276179071733 819.6262294795368 2.6759011381364832 2.513771626297578 6.1875 5.0 2.36056112747196 2.5406438507155946
192 2.875 46.0 179867.51939733763 132559.70640712598 1048.4276179071733 819.6262294795368 2.6759011381364832 2.513771626297578 6.1875 5.0 2.36056112747196 2.5406438507155946
193 2.875 46.0 179867.51939733763 132559.70640712598 1048.4276179071733 819.6262294795368 2.6759011381364832 2.513771626297578 6.1875 5.0 2.36056112747196 2.5406438507155946
194 2.875 46.0 179867.51939733763 132559.70640712598 1048.4276179071733 819.6262294795368 2.6759011381364832 2.513771626297578 6.1875 5.0 2.36056112747196 2.5406438507155946
195 2.875 46.0 179867.51939733763 132559.70640712598 1048.4276179071733 819.6262294795368 2.6759011381364832 2.513771626297578 6.1875 5.0 2.36056112747196 2.5406438507155946
196 2.875 46.0 179867.51939733763 132559.70640712598 1048.4276179071733 819.6262294795368 2.6759011381364832 2.513771626297578 6.1875 5.0 2.36056112747196 2.5406438507155946
197 2.875 46.0 179406.09540377444 132559.70640712598 1049.0047453171296 819.6262294795368 2.6771221856389498 2.513771626297578 6.2 5.0 2.3586954312668524 2.5406438507155946
198 2.875 46.0 179406.09540377444 132559.70640712598 1049.0047453171296 819.6262294795368 2.6771221856389498 2.513771626297578 6.2 5.0 2.3586954312668524 2.5406438507155946
199 2.875 46.0 179289.11056539914 132559.70640712598 1048.3191653113365 819.6262294795368 2.6785280814618044 2.513771626297578 6.2125 5.0 2.3561042561946115 2.5406438507155946
200 2.875 46.0 179289.11056539914 132559.70640712598 1048.3191653113365 819.6262294795368 2.6785280814618044 2.513771626297578 6.2125 5.0 2.3561042561946115 2.5406438507155946
201 2.875 46.0 179289.11056539914 132559.70640712598 1048.3191653113365 819.6262294795368 2.6785280814618044 2.513771626297578 6.2125 5.0 2.3561042561946115 2.5406438507155946
202 2.875 46.0 179249.11563603205 132559.70640712598 1048.6034924517614 819.6262294795368 2.6805337725608673 2.513771626297578 6.2125 5.0 2.3542443000855897 2.5406438507155946
203 2.875 46.0 179249.11563603205 132559.70640712598 1048.6034924517614 819.6262294795368 2.6805337725608673 2.513771626297578 6.2125 5.0 2.3542443000855897 2.5406438507155946
204 2.875 46.0 179249.11563603205 132559.70640712598 1048.6034924517614 819.6262294795368 2.6805337725608673 2.513771626297578 6.2125 5.0 2.3542443000855897 2.5406438507155946
205 2.875 46.0 179249.11563603205 132559.70640712598 1048.6034924517614 819.6262294795368 2.6805337725608673 2.513771626297578 6.2125 5.0 2.3542443000855897 2.5406438507155946
206 2.875 46.0 179249.11563603205 132559.70640712598 1048.6034924517614 819.6262294795368 2.6805337725608673 2.513771626297578 6.2125 5.0 2.3542443000855897 2.5406438507155946
207 2.875 46.0 179249.11563603205 132559.70640712598 1048.6034924517614 819.6262294795368 2.6805337725608673 2.513771626297578 6.2125 5.0 2.3542443000855897 2.5406438507155946
208 2.875 46.0 179542.6004311658 132559.70640712598 1049.878655793585 819.6262294795368 2.6809430499539157 2.513771626297578 6.2 5.0 2.3524764918393544 2.5406438507155946
209 2.875 46.0 179542.6004311658 132559.70640712598 1049.878655793585 819.6262294795368 2.6809430499539157 2.513771626297578 6.2 5.0 2.3524764918393544 2.5406438507155946
210 2.875 46.0 179542.6004311658 132559.70640712598 1049.878655793585 819.6262294795368 2.6809430499539157 2.513771626297578 6.2 5.0 2.3524764918393544 2.5406438507155946
211 2.875 46.0 179542.6004311658 132559.70640712598 1049.878655793585 819.6262294795368 2.6809430499539157 2.513771626297578 6.2 5.0 2.3524764918393544 2.5406438507155946
212 2.875 46.0 179542.6004311658 132559.70640712598 1049.878655793585 819.6262294795368 2.6809430499539157 2.513771626297578 6.2 5.0 2.3524764918393544 2.5406438507155946
213 2.875 46.0 179542.6004311658 132559.70640712598 1049.878655793585 819.6262294795368 2.6809430499539157 2.513771626297578 6.2 5.0 2.3524764918393544 2.5406438507155946
214 2.875 46.0 179542.6004311658 132559.70640712598 1049.878655793585 819.6262294795368 2.6809430499539157 2.513771626297578 6.2 5.0 2.3524764918393544 2.5406438507155946
215 2.875 46.0 179391.4302473418 132559.70640712598 1049.3478778592255 819.6262294795368 2.6833997019014157 2.513771626297578 6.2125 5.0 2.349758066503937 2.5406438507155946
216 2.875 46.0 179391.4302473418 132559.70640712598 1049.3478778592255 819.6262294795368 2.6833997019014157 2.513771626297578 6.2125 5.0 2.349758066503937 2.5406438507155946
217 2.875 46.0 179391.4302473418 132559.70640712598 1049.3478778592255 819.6262294795368 2.6833997019014157 2.513771626297578 6.2125 5.0 2.349758066503937 2.5406438507155946
218 2.875 46.0 179391.4302473418 132559.70640712598 1049.3478778592255 819.6262294795368 2.6833997019014157 2.513771626297578 6.2125 5.0 2.349758066503937 2.5406438507155946
219 2.875 46.0 179391.4302473418 132559.70640712598 1049.3478778592255 819.6262294795368 2.6833997019014157 2.513771626297578 6.2125 5.0 2.349758066503937 2.5406438507155946
220 2.875 46.0 179391.4302473418 132559.70640712598 1049.3478778592255 819.6262294795368 2.6833997019014157 2.513771626297578 6.2125 5.0 2.349758066503937 2.5406438507155946
221 2.875 46.0 179391.4302473418 132559.70640712598 1049.3478778592255 819.6262294795368 2.6833997019014157 2.513771626297578 6.2125 5.0 2.349758066503937 2.5406438507155946
222 2.875 46.0 179391.4302473418 132559.70640712598 1049.3478778592255 819.6262294795368 2.6833997019014157 2.513771626297578 6.2125 5.0 2.349758066503937 2.5406438507155946
223 2.875 46.0 179460.431284355 132559.70640712598 1050.4325751211504 819.6262294795368 2.685243742043894 2.513771626297578 6.2125 5.0 2.344734509640562 2.5406438507155946
224 2.875 46.0 179412.03099082512 132559.70640712598 1050.5229946751574 819.6262294795368 2.6849773060577347 2.513771626297578 6.2125 5.0 2.3451968611244607 2.5406438507155946
225 2.875 46.0 179936.93159708733 132559.70640712598 1049.8866467398989 819.6262294795368 2.6819588762486832 2.513771626297578 6.2 5.0 2.348299197745162 2.5406438507155946
226 2.875 46.0 179936.93159708733 132559.70640712598 1049.8866467398989 819.6262294795368 2.6819588762486832 2.513771626297578 6.2 5.0 2.348299197745162 2.5406438507155946
227 2.875 46.0 179903.84509311803 132559.70640712598 1050.016688768931 819.6262294795368 2.681704702897176 2.513771626297578 6.2 5.0 2.3487213287240505 2.5406438507155946
228 2.875 46.0 179903.84509311803 132559.70640712598 1050.016688768931 819.6262294795368 2.681704702897176 2.513771626297578 6.2 5.0 2.3487213287240505 2.5406438507155946
229 2.875 46.0 179903.84509311803 132559.70640712598 1050.016688768931 819.6262294795368 2.681704702897176 2.513771626297578 6.2 5.0 2.3487213287240505 2.5406438507155946
230 2.875 46.0 179903.84509311803 132559.70640712598 1050.016688768931 819.6262294795368 2.681704702897176 2.513771626297578 6.2 5.0 2.3487213287240505 2.5406438507155946
231 2.875 46.0 179903.84509311803 132559.70640712598 1050.016688768931 819.6262294795368 2.681704702897176 2.513771626297578 6.2 5.0 2.3487213287240505 2.5406438507155946
232 2.875 46.0 179903.84509311803 132559.70640712598 1050.016688768931 819.6262294795368 2.681704702897176 2.513771626297578 6.2 5.0 2.3487213287240505 2.5406438507155946
233 2.875 46.0 179761.9196674222 132559.70640712598 1049.8155614354853 819.6262294795368 2.682128181665124 2.513771626297578 6.2 5.0 2.3504437974610353 2.5406438507155946
234 2.875 46.0 179790.0289674119 132559.70640712598 1049.681904378396 819.6262294795368 2.6818514542142564 2.513771626297578 6.2 5.0 2.3508867255548456 2.5406438507155946
235 2.875 46.0 179790.0289674119 132559.70640712598 1049.681904378396 819.6262294795368 2.6818514542142564 2.513771626297578 6.2 5.0 2.3508867255548456 2.5406438507155946
236 2.875 46.0 179779.68385902984 132559.70640712598 1049.684614829974 819.6262294795368 2.681922388470312 2.513771626297578 6.2 5.0 2.3508192519037676 2.5406438507155946
237 2.875 46.0 179544.81377826392 132559.70640712598 1048.2425025791526 819.6262294795368 2.681201162208066 2.513771626297578 6.2125 5.0 2.3528594813783785 2.5406438507155946
238 2.875 46.0 179544.81377826392 132559.70640712598 1048.2425025791526 819.6262294795368 2.681201162208066 2.513771626297578 6.2125 5.0 2.3528594813783785 2.5406438507155946
239 2.875 46.0 179554.5943524362 132559.70640712598 1048.3277441927921 819.6262294795368 2.681272096464121 2.513771626297578 6.2125 5.0 2.352727290311748 2.5406438507155946
240 2.875 46.0 179554.5943524362 132559.70640712598 1048.3277441927921 819.6262294795368 2.681272096464121 2.513771626297578 6.2125 5.0 2.352727290311748 2.5406438507155946
241 2.875 46.0 179460.86540947636 132559.70640712598 1047.9811737416878 819.6262294795368 2.680085245253049 2.513771626297578 6.225 5.0 2.3519284581205055 2.5406438507155946
242 2.875 46.0 179460.86540947636 132559.70640712598 1047.9811737416878 819.6262294795368 2.680085245253049 2.513771626297578 6.225 5.0 2.3519284581205055 2.5406438507155946
243 2.875 46.0 179482.3360013331 132559.70640712598 1047.9222454862913 819.6262294795368 2.6798999494636866 2.513771626297578 6.225 5.0 2.351994208359508 2.5406438507155946
244 2.875 46.0 179482.3360013331 132559.70640712598 1047.9222454862913 819.6262294795368 2.6798999494636866 2.513771626297578 6.225 5.0 2.351994208359508 2.5406438507155946
245 2.875 46.0 179772.39079483412 132559.70640712598 1050.052436109297 819.6262294795368 2.6831030767730466 2.513771626297578 6.2125 5.0 2.346024294361439 2.5406438507155946
246 2.875 46.0 179772.39079483412 132559.70640712598 1050.052436109297 819.6262294795368 2.6831030767730466 2.513771626297578 6.2125 5.0 2.346024294361439 2.5406438507155946
247 2.875 46.0 179772.39079483412 132559.70640712598 1050.052436109297 819.6262294795368 2.6831030767730466 2.513771626297578 6.2125 5.0 2.346024294361439 2.5406438507155946
248 2.875 46.0 179772.39079483412 132559.70640712598 1050.052436109297 819.6262294795368 2.6831030767730466 2.513771626297578 6.2125 5.0 2.346024294361439 2.5406438507155946
249 2.875 46.0 179772.39079483412 132559.70640712598 1050.052436109297 819.6262294795368 2.6831030767730466 2.513771626297578 6.2125 5.0 2.346024294361439 2.5406438507155946
250 2.875 46.0 179640.42894393665 132559.70640712598 1047.7941039921839 819.6262294795368 2.6814771782262756 2.513771626297578 6.2125 5.0 2.353517662268165 2.5406438507155946
251 2.875 46.0 180056.58107062418 132559.70640712598 1049.4721957383904 819.6262294795368 2.6801473355379657 2.513771626297578 6.1875 5.0 2.355310708379748 2.5406438507155946
252 2.875 46.0 180056.58107062418 132559.70640712598 1049.4721957383904 819.6262294795368 2.6801473355379657 2.513771626297578 6.1875 5.0 2.355310708379748 2.5406438507155946
253 2.875 46.0 180056.58107062418 132559.70640712598 1049.4721957383904 819.6262294795368 2.6801473355379657 2.513771626297578 6.1875 5.0 2.355310708379748 2.5406438507155946
254 2.875 46.0 180056.58107062418 132559.70640712598 1049.4721957383904 819.6262294795368 2.6801473355379657 2.513771626297578 6.1875 5.0 2.355310708379748 2.5406438507155946
255 2.875 46.0 179893.1502166094 132559.70640712598 1051.0345118085581 819.6262294795368 2.6836559973344203 2.513771626297578 6.1875 5.0 2.351330340149155 2.5406438507155946
256 2.875 46.0 179893.1502166094 132559.70640712598 1051.0345118085581 819.6262294795368 2.6836559973344203 2.513771626297578 6.1875 5.0 2.351330340149155 2.5406438507155946
257 2.875 46.0 179893.1502166094 132559.70640712598 1051.0345118085581 819.6262294795368 2.6836559973344203 2.513771626297578 6.1875 5.0 2.351330340149155 2.5406438507155946
258 2.875 46.0 179928.9319891081 132559.70640712598 1050.625644070644 819.6262294795368 2.682215739136338 2.513771626297578 6.1875 5.0 2.3532265132119203 2.5406438507155946
259 2.875 46.0 179928.9319891081 132559.70640712598 1050.625644070644 819.6262294795368 2.682215739136338 2.513771626297578 6.1875 5.0 2.3532265132119203 2.5406438507155946
260 2.875 46.0 179928.9319891081 132559.70640712598 1050.625644070644 819.6262294795368 2.682215739136338 2.513771626297578 6.1875 5.0 2.3532265132119203 2.5406438507155946
261 2.875 46.0 180041.54446483433 132559.70640712598 1050.4541184025388 819.6262294795368 2.682247768921733 2.513771626297578 6.1875 5.0 2.3520113992543026 2.5406438507155946
262 2.875 46.0 180041.54446483433 132559.70640712598 1050.4541184025388 819.6262294795368 2.682247768921733 2.513771626297578 6.1875 5.0 2.3520113992543026 2.5406438507155946
263 2.875 46.0 180041.54446483433 132559.70640712598 1050.4541184025388 819.6262294795368 2.682247768921733 2.513771626297578 6.1875 5.0 2.3520113992543026 2.5406438507155946
264 2.875 46.0 180012.22933989356 132559.70640712598 1050.1072015300592 819.6262294795368 2.68234579440836 2.513771626297578 6.1875 5.0 2.3523954842895143 2.5406438507155946
265 2.875 46.0 180012.22933989356 132559.70640712598 1050.1072015300592 819.6262294795368 2.68234579440836 2.513771626297578 6.1875 5.0 2.3523954842895143 2.5406438507155946
266 2.875 46.0 180143.19366192553 132559.70640712598 1049.7188777145948 819.6262294795368 2.6812409849796497 2.513771626297578 6.175 5.0 2.3567770083089226 2.5406438507155946
267 2.875 46.0 180143.19366192553 132559.70640712598 1049.7188777145948 819.6262294795368 2.6812409849796497 2.513771626297578 6.175 5.0 2.3567770083089226 2.5406438507155946
268 2.875 46.0 180108.35363168 132559.70640712598 1050.242334069574 819.6262294795368 2.682029556651883 2.513771626297578 6.175 5.0 2.3552422432310682 2.5406438507155946
269 2.875 46.0 180108.35363168 132559.70640712598 1050.242334069574 819.6262294795368 2.682029556651883 2.513771626297578 6.175 5.0 2.3552422432310682 2.5406438507155946
270 2.875 46.0 180108.35363168 132559.70640712598 1050.242334069574 819.6262294795368 2.682029556651883 2.513771626297578 6.175 5.0 2.3552422432310682 2.5406438507155946
271 2.875 46.0 180035.50480471982 132559.70640712598 1048.8824701864908 819.6262294795368 2.6823382004221945 2.513771626297578 6.1625 5.0 2.362795186934469 2.5406438507155946
272 2.875 46.0 180035.50480471982 132559.70640712598 1048.8824701864908 819.6262294795368 2.6823382004221945 2.513771626297578 6.1625 5.0 2.362795186934469 2.5406438507155946
273 2.875 46.0 180035.50480471982 132559.70640712598 1048.8824701864908 819.6262294795368 2.6823382004221945 2.513771626297578 6.1625 5.0 2.362795186934469 2.5406438507155946
274 2.875 46.0 180021.49396535516 132559.70640712598 1048.8955558074388 819.6262294795368 2.682374959979679 2.513771626297578 6.1625 5.0 2.362794452286159 2.5406438507155946
275 2.875 46.0 180021.49396535516 132559.70640712598 1048.8955558074388 819.6262294795368 2.682374959979679 2.513771626297578 6.1625 5.0 2.362794452286159 2.5406438507155946
276 2.875 46.0 180021.49396535516 132559.70640712598 1048.8955558074388 819.6262294795368 2.682374959979679 2.513771626297578 6.1625 5.0 2.362794452286159 2.5406438507155946
277 2.875 46.0 180045.9736634239 132559.70640712598 1047.6219335388193 819.6262294795368 2.6802051826804325 2.513771626297578 6.1625 5.0 2.367856033521876 2.5406438507155946
278 2.875 46.0 179822.8007154385 132559.70640712598 1047.4966952894315 819.6262294795368 2.682540822818841 2.513771626297578 6.175 5.0 2.364727560037494 2.5406438507155946
279 2.875 46.0 179822.8007154385 132559.70640712598 1047.4966952894315 819.6262294795368 2.682540822818841 2.513771626297578 6.175 5.0 2.364727560037494 2.5406438507155946
280 2.875 46.0 179822.8007154385 132559.70640712598 1047.4966952894315 819.6262294795368 2.682540822818841 2.513771626297578 6.175 5.0 2.364727560037494 2.5406438507155946
281 2.875 46.0 179828.9178926222 132559.70640712598 1048.1079808254776 819.6262294795368 2.682143915297625 2.513771626297578 6.175 5.0 2.3641722090082933 2.5406438507155946
282 2.875 46.0 179828.9178926222 132559.70640712598 1048.1079808254776 819.6262294795368 2.682143915297625 2.513771626297578 6.175 5.0 2.3641722090082933 2.5406438507155946
283 2.875 46.0 180178.65336587914 132559.70640712598 1048.9659093420032 819.6262294795368 2.681337629312023 2.513771626297578 6.1625 5.0 2.3632394474700416 2.5406438507155946
284 2.875 46.0 180178.65336587914 132559.70640712598 1048.9659093420032 819.6262294795368 2.681337629312023 2.513771626297578 6.1625 5.0 2.3632394474700416 2.5406438507155946
285 2.875 46.0 180178.65336587914 132559.70640712598 1048.9659093420032 819.6262294795368 2.681337629312023 2.513771626297578 6.1625 5.0 2.3632394474700416 2.5406438507155946
286 2.875 46.0 180178.65336587914 132559.70640712598 1048.9659093420032 819.6262294795368 2.681337629312023 2.513771626297578 6.1625 5.0 2.3632394474700416 2.5406438507155946
287 2.875 46.0 180226.3703304298 132559.70640712598 1049.693237243482 819.6262294795368 2.680814243231642 2.513771626297578 6.1625 5.0 2.361530917949701 2.5406438507155946
288 2.875 46.0 180096.98260193437 132559.70640712598 1049.1467173623464 819.6262294795368 2.6796585338890817 2.513771626297578 6.175 5.0 2.361415679623805 2.5406438507155946
289 2.875 46.0 180096.98260193437 132559.70640712598 1049.1467173623464 819.6262294795368 2.6796585338890817 2.513771626297578 6.175 5.0 2.361415679623805 2.5406438507155946
290 2.875 46.0 180096.98260193437 132559.70640712598 1049.1467173623464 819.6262294795368 2.6796585338890817 2.513771626297578 6.175 5.0 2.361415679623805 2.5406438507155946
291 2.875 46.0 179745.18069946652 132559.70640712598 1048.5988121264531 819.6262294795368 2.678628830422236 2.513771626297578 6.1875 5.0 2.3630557770198646 2.5406438507155946
292 2.875 46.0 179745.18069946652 132559.70640712598 1048.5988121264531 819.6262294795368 2.678628830422236 2.513771626297578 6.1875 5.0 2.3630557770198646 2.5406438507155946
293 2.875 46.0 179073.50773064498 132559.70640712598 1048.3716398005374 819.6262294795368 2.68071749091341 2.513771626297578 6.2125 5.0 2.3613911355287 2.5406438507155946
294 2.875 46.0 179061.17948184683 132559.70640712598 1047.6981516859257 819.6262294795368 2.6803315239183925 2.513771626297578 6.2125 5.0 2.363085613237249 2.5406438507155946
295 2.875 46.0 179061.17948184683 132559.70640712598 1047.6981516859257 819.6262294795368 2.6803315239183925 2.513771626297578 6.2125 5.0 2.363085613237249 2.5406438507155946
296 2.875 46.0 179061.17948184683 132559.70640712598 1047.6981516859257 819.6262294795368 2.6803315239183925 2.513771626297578 6.2125 5.0 2.363085613237249 2.5406438507155946
297 2.875 46.0 179061.17948184683 132559.70640712598 1047.6981516859257 819.6262294795368 2.6803315239183925 2.513771626297578 6.2125 5.0 2.363085613237249 2.5406438507155946
298 2.875 46.0 179061.17948184683 132559.70640712598 1047.6981516859257 819.6262294795368 2.6803315239183925 2.513771626297578 6.2125 5.0 2.363085613237249 2.5406438507155946
299 2.875 46.0 179061.17948184683 132559.70640712598 1047.6981516859257 819.6262294795368 2.6803315239183925 2.513771626297578 6.2125 5.0 2.363085613237249 2.5406438507155946
300 2.875 46.0 179061.17948184683 132559.70640712598 1047.6981516859257 819.6262294795368 2.6803315239183925 2.513771626297578 6.2125 5.0 2.363085613237249 2.5406438507155946
301 2.875 46.0 179061.17948184683 132559.70640712598 1047.6981516859257 819.6262294795368 2.6803315239183925 2.513771626297578 6.2125 5.0 2.363085613237249 2.5406438507155946
302 2.875 46.0 179061.17948184683 132559.70640712598 1047.6981516859257 819.6262294795368 2.6803315239183925 2.513771626297578 6.2125 5.0 2.363085613237249 2.5406438507155946
303 2.875 46.0 179061.17948184683 132559.70640712598 1047.6981516859257 819.6262294795368 2.6803315239183925 2.513771626297578 6.2125 5.0 2.363085613237249 2.5406438507155946
304 2.875 46.0 178966.42542533696 132559.70640712598 1047.4400323444443 819.6262294795368 2.6830555955290487 2.513771626297578 6.2125 5.0 2.3626027115634707 2.5406438507155946
305 2.875 46.0 178966.42542533696 132559.70640712598 1047.4400323444443 819.6262294795368 2.6830555955290487 2.513771626297578 6.2125 5.0 2.3626027115634707 2.5406438507155946
306 2.875 46.0 178966.42542533696 132559.70640712598 1047.4400323444443 819.6262294795368 2.6830555955290487 2.513771626297578 6.2125 5.0 2.3626027115634707 2.5406438507155946
307 2.875 46.0 179426.32045638366 132559.70640712598 1047.504386121476 819.6262294795368 2.681662304969005 2.513771626297578 6.2 5.0 2.3639893477094036 2.5406438507155946
308 2.875 46.0 179139.03030260204 132559.70640712598 1046.6348252389346 819.6262294795368 2.6818370454534337 2.513771626297578 6.2125 5.0 2.3633639317235016 2.5406438507155946
309 2.875 46.0 179417.19343834932 132559.70640712598 1048.7990629642127 819.6262294795368 2.6822081157725473 2.513771626297578 6.1875 5.0 2.365011019426678 2.5406438507155946
310 2.875 46.0 179417.19343834932 132559.70640712598 1048.7990629642127 819.6262294795368 2.6822081157725473 2.513771626297578 6.1875 5.0 2.365011019426678 2.5406438507155946
311 2.875 46.0 179690.61851049322 132559.70640712598 1048.229892580111 819.6262294795368 2.680112640256872 2.513771626297578 6.175 5.0 2.369945012887515 2.5406438507155946
312 2.875 46.0 179690.61851049322 132559.70640712598 1048.229892580111 819.6262294795368 2.680112640256872 2.513771626297578 6.175 5.0 2.369945012887515 2.5406438507155946
313 2.875 46.0 179988.96551084158 132559.70640712598 1050.5539245791622 819.6262294795368 2.6825342605701947 2.513771626297578 6.1625 5.0 2.3638543580001015 2.5406438507155946
314 2.875 46.0 179988.96551084158 132559.70640712598 1050.5539245791622 819.6262294795368 2.6825342605701947 2.513771626297578 6.1625 5.0 2.3638543580001015 2.5406438507155946
315 2.875 46.0 179988.96551084158 132559.70640712598 1050.5539245791622 819.6262294795368 2.6825342605701947 2.513771626297578 6.1625 5.0 2.3638543580001015 2.5406438507155946
316 2.875 46.0 179988.96551084158 132559.70640712598 1050.5539245791622 819.6262294795368 2.6825342605701947 2.513771626297578 6.1625 5.0 2.3638543580001015 2.5406438507155946
317 2.875 46.0 180169.37018930088 132559.70640712598 1051.2942050849852 819.6262294795368 2.682041353729295 2.513771626297578 6.1625 5.0 2.3610419783364187 2.5406438507155946
318 2.875 46.0 180169.37018930088 132559.70640712598 1051.2942050849852 819.6262294795368 2.682041353729295 2.513771626297578 6.1625 5.0 2.3610419783364187 2.5406438507155946
319 2.875 46.0 180165.27470231618 132559.70640712598 1051.3014263364407 819.6262294795368 2.681976586889917 2.513771626297578 6.1625 5.0 2.3611791274491436 2.5406438507155946
320 2.875 46.0 180165.27470231618 132559.70640712598 1051.3014263364407 819.6262294795368 2.681976586889917 2.513771626297578 6.1625 5.0 2.3611791274491436 2.5406438507155946
321 2.875 46.0 180172.5530673173 132559.70640712598 1051.3247165747125 819.6262294795368 2.6819548582311143 2.513771626297578 6.1625 5.0 2.361113755374125 2.5406438507155946
322 2.875 46.0 180172.5530673173 132559.70640712598 1051.3247165747125 819.6262294795368 2.6819548582311143 2.513771626297578 6.1625 5.0 2.361113755374125 2.5406438507155946
323 2.875 46.0 180172.5530673173 132559.70640712598 1051.3247165747125 819.6262294795368 2.6819548582311143 2.513771626297578 6.1625 5.0 2.361113755374125 2.5406438507155946
324 2.875 46.0 180180.17198997122 132559.70640712598 1052.6272383603437 819.6262294795368 2.682989715787773 2.513771626297578 6.1625 5.0 2.3562728879994532 2.5406438507155946
325 2.875 46.0 180180.17198997122 132559.70640712598 1052.6272383603437 819.6262294795368 2.682989715787773 2.513771626297578 6.1625 5.0 2.3562728879994532 2.5406438507155946
326 2.875 46.0 180180.17198997122 132559.70640712598 1052.6272383603437 819.6262294795368 2.682989715787773 2.513771626297578 6.1625 5.0 2.3562728879994532 2.5406438507155946
327 2.875 46.0 180180.17198997122 132559.70640712598 1052.6272383603437 819.6262294795368 2.682989715787773 2.513771626297578 6.1625 5.0 2.3562728879994532 2.5406438507155946
328 2.875 46.0 180180.17198997122 132559.70640712598 1052.6272383603437 819.6262294795368 2.682989715787773 2.513771626297578 6.1625 5.0 2.3562728879994532 2.5406438507155946
329 2.875 46.0 180180.17198997122 132559.70640712598 1052.6272383603437 819.6262294795368 2.682989715787773 2.513771626297578 6.1625 5.0 2.3562728879994532 2.5406438507155946
330 2.875 46.0 180180.17198997122 132559.70640712598 1052.6272383603437 819.6262294795368 2.682989715787773 2.513771626297578 6.1625 5.0 2.3562728879994532 2.5406438507155946
331 2.875 46.0 180084.54621557167 132559.70640712598 1051.836453604908 819.6262294795368 2.6827648022929633 2.513771626297578 6.1625 5.0 2.359345230877771 2.5406438507155946
332 2.875 46.0 180039.01584165607 132559.70640712598 1051.87946780817 819.6262294795368 2.6829326223621677 2.513771626297578 6.1625 5.0 2.359311425555929 2.5406438507155946
333 2.875 46.0 180039.01584165607 132559.70640712598 1051.87946780817 819.6262294795368 2.6829326223621677 2.513771626297578 6.1625 5.0 2.359311425555929 2.5406438507155946
334 2.875 46.0 180039.01584165607 132559.70640712598 1051.87946780817 819.6262294795368 2.6829326223621677 2.513771626297578 6.1625 5.0 2.359311425555929 2.5406438507155946
335 2.875 46.0 179764.7073671979 132559.70640712598 1054.0671300836957 819.6262294795368 2.685339292213976 2.513771626297578 6.1625 5.0 2.3544408876565224 2.5406438507155946
336 2.875 46.0 179764.7073671979 132559.70640712598 1054.0671300836957 819.6262294795368 2.685339292213976 2.513771626297578 6.1625 5.0 2.3544408876565224 2.5406438507155946
337 2.875 46.0 179764.7073671979 132559.70640712598 1054.0671300836957 819.6262294795368 2.685339292213976 2.513771626297578 6.1625 5.0 2.3544408876565224 2.5406438507155946
338 2.875 46.0 179764.7073671979 132559.70640712598 1054.0671300836957 819.6262294795368 2.685339292213976 2.513771626297578 6.1625 5.0 2.3544408876565224 2.5406438507155946
339 2.875 46.0 179764.7073671979 132559.70640712598 1054.0671300836957 819.6262294795368 2.685339292213976 2.513771626297578 6.1625 5.0 2.3544408876565224 2.5406438507155946
340 2.875 46.0 179718.51769411378 132559.70640712598 1052.2885267998402 819.6262294795368 2.6845482803225105 2.513771626297578 6.1625 5.0 2.3591994176387474 2.5406438507155946
341 2.875 46.0 179661.40105532558 132559.70640712598 1052.7497208585319 819.6262294795368 2.686926562516711 2.513771626297578 6.1625 5.0 2.357656329557033 2.5406438507155946
342 2.875 46.0 179661.40105532558 132559.70640712598 1052.7497208585319 819.6262294795368 2.686926562516711 2.513771626297578 6.1625 5.0 2.357656329557033 2.5406438507155946
343 2.875 46.0 179661.40105532558 132559.70640712598 1052.7497208585319 819.6262294795368 2.686926562516711 2.513771626297578 6.1625 5.0 2.357656329557033 2.5406438507155946
344 2.875 46.0 179783.2103166811 132559.70640712598 1051.6799269631977 819.6262294795368 2.6855805417554657 2.513771626297578 6.1625 5.0 2.360168798660773 2.5406438507155946
345 2.875 46.0 179783.2103166811 132559.70640712598 1051.6799269631977 819.6262294795368 2.6855805417554657 2.513771626297578 6.1625 5.0 2.360168798660773 2.5406438507155946
346 2.875 46.0 179783.2103166811 132559.70640712598 1051.6799269631977 819.6262294795368 2.6855805417554657 2.513771626297578 6.1625 5.0 2.360168798660773 2.5406438507155946
347 2.875 46.0 179783.2103166811 132559.70640712598 1051.6799269631977 819.6262294795368 2.6855805417554657 2.513771626297578 6.1625 5.0 2.360168798660773 2.5406438507155946
348 2.875 46.0 179783.2103166811 132559.70640712598 1051.6799269631977 819.6262294795368 2.6855805417554657 2.513771626297578 6.1625 5.0 2.360168798660773 2.5406438507155946
349 2.875 46.0 179783.2103166811 132559.70640712598 1051.6799269631977 819.6262294795368 2.6855805417554657 2.513771626297578 6.1625 5.0 2.360168798660773 2.5406438507155946
350 2.875 46.0 179740.40190292394 132559.70640712598 1052.0151346020396 819.6262294795368 2.685005725617752 2.513771626297578 6.1625 5.0 2.3605287858251893 2.5406438507155946
351 2.875 46.0 179740.40190292394 132559.70640712598 1052.0151346020396 819.6262294795368 2.685005725617752 2.513771626297578 6.1625 5.0 2.3605287858251893 2.5406438507155946
352 2.875 46.0 179740.40190292394 132559.70640712598 1052.0151346020396 819.6262294795368 2.685005725617752 2.513771626297578 6.1625 5.0 2.3605287858251893 2.5406438507155946
353 2.875 46.0 179783.33120313182 132559.70640712598 1051.563454109575 819.6262294795368 2.683683926309793 2.513771626297578 6.1625 5.0 2.3621691024531684 2.5406438507155946
354 2.875 46.0 179783.33120313182 132559.70640712598 1051.563454109575 819.6262294795368 2.683683926309793 2.513771626297578 6.1625 5.0 2.3621691024531684 2.5406438507155946
355 2.875 46.0 179783.33120313182 132559.70640712598 1051.563454109575 819.6262294795368 2.683683926309793 2.513771626297578 6.1625 5.0 2.3621691024531684 2.5406438507155946
356 2.875 46.0 179681.25769893365 132559.70640712598 1051.7166026712944 819.6262294795368 2.6836406737146374 2.513771626297578 6.1625 5.0 2.363294308713383 2.5406438507155946
357 2.875 46.0 179681.25769893365 132559.70640712598 1051.7166026712944 819.6262294795368 2.6836406737146374 2.513771626297578 6.1625 5.0 2.363294308713383 2.5406438507155946
358 2.875 46.0 179681.25769893365 132559.70640712598 1051.7166026712944 819.6262294795368 2.6836406737146374 2.513771626297578 6.1625 5.0 2.363294308713383 2.5406438507155946
359 2.875 46.0 179643.95569827306 132559.70640712598 1051.3772287218424 819.6262294795368 2.68404676172976 2.513771626297578 6.1625 5.0 2.364232427145476 2.5406438507155946
360 2.875 46.0 179643.95569827306 132559.70640712598 1051.3772287218424 819.6262294795368 2.68404676172976 2.513771626297578 6.1625 5.0 2.364232427145476 2.5406438507155946
361 2.875 46.0 179643.95569827306 132559.70640712598 1051.3772287218424 819.6262294795368 2.68404676172976 2.513771626297578 6.1625 5.0 2.364232427145476 2.5406438507155946
362 2.875 46.0 179643.95569827306 132559.70640712598 1051.3772287218424 819.6262294795368 2.68404676172976 2.513771626297578 6.1625 5.0 2.364232427145476 2.5406438507155946
363 2.875 46.0 179643.95569827306 132559.70640712598 1051.3772287218424 819.6262294795368 2.68404676172976 2.513771626297578 6.1625 5.0 2.364232427145476 2.5406438507155946
364 2.875 46.0 179639.45432985603 132559.70640712598 1051.4010678742823 819.6262294795368 2.68406060256021 2.513771626297578 6.1625 5.0 2.364166326303727 2.5406438507155946
365 2.875 46.0 179466.50963460997 132559.70640712598 1051.9450438217502 819.6262294795368 2.6850679510271913 2.513771626297578 6.175 5.0 2.359332401291321 2.5406438507155946
366 2.875 46.0 179466.50963460997 132559.70640712598 1051.9450438217502 819.6262294795368 2.6850679510271913 2.513771626297578 6.175 5.0 2.359332401291321 2.5406438507155946
367 2.875 46.0 179466.50963460997 132559.70640712598 1051.9450438217502 819.6262294795368 2.6850679510271913 2.513771626297578 6.175 5.0 2.359332401291321 2.5406438507155946
368 2.875 46.0 179496.69958086178 132559.70640712598 1053.119025584231 819.6262294795368 2.6851064148283603 2.513771626297578 6.175 5.0 2.3564084068927835 2.5406438507155946
369 2.875 46.0 179496.69958086178 132559.70640712598 1053.119025584231 819.6262294795368 2.6851064148283603 2.513771626297578 6.175 5.0 2.3564084068927835 2.5406438507155946
370 2.875 46.0 179496.69958086178 132559.70640712598 1053.119025584231 819.6262294795368 2.6851064148283603 2.513771626297578 6.175 5.0 2.3564084068927835 2.5406438507155946
371 2.875 46.0 179414.768923626 132559.70640712598 1051.974463702435 819.6262294795368 2.6856399923118017 2.513771626297578 6.1875 5.0 2.3557798174311273 2.5406438507155946
372 2.875 46.0 179414.768923626 132559.70640712598 1051.974463702435 819.6262294795368 2.6856399923118017 2.513771626297578 6.1875 5.0 2.3557798174311273 2.5406438507155946
373 2.875 46.0 179414.768923626 132559.70640712598 1051.974463702435 819.6262294795368 2.6856399923118017 2.513771626297578 6.1875 5.0 2.3557798174311273 2.5406438507155946
374 2.875 46.0 179414.768923626 132559.70640712598 1051.974463702435 819.6262294795368 2.6856399923118017 2.513771626297578 6.1875 5.0 2.3557798174311273 2.5406438507155946
375 2.875 46.0 179414.768923626 132559.70640712598 1051.974463702435 819.6262294795368 2.6856399923118017 2.513771626297578 6.1875 5.0 2.3557798174311273 2.5406438507155946
376 2.875 46.0 179949.39373102202 132559.70640712598 1053.2371321986807 819.6262294795368 2.684726019682598 2.513771626297578 6.1625 5.0 2.3576066277382575 2.5406438507155946
377 2.875 46.0 179829.2373387375 132559.70640712598 1052.104193470025 819.6262294795368 2.6834497132544177 2.513771626297578 6.175 5.0 2.3575678876991235 2.5406438507155946
378 2.875 46.0 179829.2373387375 132559.70640712598 1052.104193470025 819.6262294795368 2.6834497132544177 2.513771626297578 6.175 5.0 2.3575678876991235 2.5406438507155946
379 2.875 46.0 179829.2373387375 132559.70640712598 1052.104193470025 819.6262294795368 2.6834497132544177 2.513771626297578 6.175 5.0 2.3575678876991235 2.5406438507155946
380 2.875 46.0 179829.2373387375 132559.70640712598 1052.104193470025 819.6262294795368 2.6834497132544177 2.513771626297578 6.175 5.0 2.3575678876991235 2.5406438507155946
381 2.875 46.0 179879.62126768596 132559.70640712598 1050.4345420973066 819.6262294795368 2.6791376469614727 2.513771626297578 6.175 5.0 2.364327501801548 2.5406438507155946
382 2.875 46.0 179879.62126768596 132559.70640712598 1050.4345420973066 819.6262294795368 2.6791376469614727 2.513771626297578 6.175 5.0 2.364327501801548 2.5406438507155946
383 2.875 46.0 179484.4962634833 132559.70640712598 1049.4046057322116 819.6262294795368 2.679197951533395 2.513771626297578 6.1875 5.0 2.3653090581694025 2.5406438507155946
384 2.875 46.0 179484.4962634833 132559.70640712598 1049.4046057322116 819.6262294795368 2.679152439700318 2.513771626297578 6.1875 5.0 2.3653748074148786 2.5406438507155946
385 2.875 46.0 179484.4962634833 132559.70640712598 1049.4046057322116 819.6262294795368 2.679152439700318 2.513771626297578 6.1875 5.0 2.3653748074148786 2.5406438507155946
386 2.875 46.0 179484.4962634833 132559.70640712598 1049.4046057322116 819.6262294795368 2.679152439700318 2.513771626297578 6.1875 5.0 2.3653748074148786 2.5406438507155946
387 2.875 46.0 179739.31131267903 132559.70640712598 1049.2014224695772 819.6262294795368 2.6768899204282803 2.513771626297578 6.175 5.0 2.369560290109651 2.5406438507155946
388 2.875 46.0 179739.31131267903 132559.70640712598 1049.2014224695772 819.6262294795368 2.6768899204282803 2.513771626297578 6.175 5.0 2.369560290109651 2.5406438507155946
389 2.875 46.0 179739.31131267903 132559.70640712598 1049.2014224695772 819.6262294795368 2.6768899204282803 2.513771626297578 6.175 5.0 2.369560290109651 2.5406438507155946
390 2.875 46.0 179552.8609716831 132559.70640712598 1048.3033503534139 819.6262294795368 2.6777911465463786 2.513771626297578 6.1875 5.0 2.3682416736387677 2.5406438507155946
391 2.875 46.0 179552.8609716831 132559.70640712598 1048.3033503534139 819.6262294795368 2.6777911465463786 2.513771626297578 6.1875 5.0 2.3682416736387677 2.5406438507155946
392 2.875 46.0 179552.8609716831 132559.70640712598 1048.3033503534139 819.6262294795368 2.6777911465463786 2.513771626297578 6.1875 5.0 2.3682416736387677 2.5406438507155946
393 2.875 46.0 179611.65975772793 132559.70640712598 1049.7172178050776 819.6262294795368 2.677840049780251 2.513771626297578 6.1875 5.0 2.3641234021105295 2.5406438507155946
394 2.875 46.0 179673.5428941145 132559.70640712598 1048.9213693943789 819.6262294795368 2.6761141010335767 2.513771626297578 6.1875 5.0 2.3668433575766574 2.5406438507155946
395 2.875 46.0 179673.5428941145 132559.70640712598 1048.9213693943789 819.6262294795368 2.6761141010335767 2.513771626297578 6.1875 5.0 2.3668433575766574 2.5406438507155946
396 2.875 46.0 179673.5428941145 132559.70640712598 1048.9213693943789 819.6262294795368 2.6761141010335767 2.513771626297578 6.1875 5.0 2.3668433575766574 2.5406438507155946
397 2.875 46.0 179673.5428941145 132559.70640712598 1048.9213693943789 819.6262294795368 2.6761141010335767 2.513771626297578 6.1875 5.0 2.3668433575766574 2.5406438507155946
398 2.875 46.0 179673.5428941145 132559.70640712598 1048.9213693943789 819.6262294795368 2.6761141010335767 2.513771626297578 6.1875 5.0 2.3668433575766574 2.5406438507155946
399 2.875 46.0 179673.5428941145 132559.70640712598 1048.9213693943789 819.6262294795368 2.6761141010335767 2.513771626297578 6.1875 5.0 2.3668433575766574 2.5406438507155946
400 2.875 46.0 179673.5428941145 132559.70640712598 1048.9213693943789 819.6262294795368 2.6761141010335767 2.513771626297578 6.1875 5.0 2.3668433575766574 2.5406438507155946
401 2.875 46.0 179673.5428941145 132559.70640712598 1048.9213693943789 819.6262294795368 2.6761141010335767 2.513771626297578 6.1875 5.0 2.3668433575766574 2.5406438507155946
402 2.875 46.0 179673.5428941145 132559.70640712598 1048.9213693943789 819.6262294795368 2.6761141010335767 2.513771626297578 6.1875 5.0 2.3668433575766574 2.5406438507155946
403 2.875 46.0 179705.2477383195 132559.70640712598 1048.7953889997757 819.6262294795368 2.6758615058778674 2.513771626297578 6.1875 5.0 2.36711276200083 2.5406438507155946
404 2.875 46.0 179705.2477383195 132559.70640712598 1048.7953889997757 819.6262294795368 2.6758615058778674 2.513771626297578 6.1875 5.0 2.36711276200083 2.5406438507155946
405 2.875 46.0 179705.2477383195 132559.70640712598 1048.7953889997757 819.6262294795368 2.6758615058778674 2.513771626297578 6.1875 5.0 2.36711276200083 2.5406438507155946
406 2.875 46.0 179705.2477383195 132559.70640712598 1048.7953889997757 819.6262294795368 2.6758615058778674 2.513771626297578 6.1875 5.0 2.36711276200083 2.5406438507155946
407 2.875 46.0 179705.2477383195 132559.70640712598 1048.7953889997757 819.6262294795368 2.6758615058778674 2.513771626297578 6.1875 5.0 2.36711276200083 2.5406438507155946
408 2.875 46.0 179705.2477383195 132559.70640712598 1048.7953889997757 819.6262294795368 2.6758615058778674 2.513771626297578 6.1875 5.0 2.36711276200083 2.5406438507155946
409 2.875 46.0 179705.2477383195 132559.70640712598 1048.7953889997757 819.6262294795368 2.6758615058778674 2.513771626297578 6.1875 5.0 2.36711276200083 2.5406438507155946
410 2.875 46.0 179318.93040484696 132559.70640712598 1047.0677728432747 819.6262294795368 2.6759980130306267 2.513771626297578 6.2 5.0 2.3711249581375435 2.5406438507155946
411 2.875 46.0 179318.93040484696 132559.70640712598 1047.0677728432747 819.6262294795368 2.6759980130306267 2.513771626297578 6.2 5.0 2.3711249581375435 2.5406438507155946
412 2.875 46.0 179393.2159460799 132559.70640712598 1047.8362474812213 819.6262294795368 2.6773596047261283 2.513771626297578 6.2 5.0 2.367980624449493 2.5406438507155946
413 2.875 46.0 179393.2159460799 132559.70640712598 1047.8362474812213 819.6262294795368 2.6773596047261283 2.513771626297578 6.2 5.0 2.367980624449493 2.5406438507155946
414 2.875 46.0 179393.2159460799 132559.70640712598 1047.8362474812213 819.6262294795368 2.6773596047261283 2.513771626297578 6.2 5.0 2.367980624449493 2.5406438507155946
415 2.875 46.0 179393.2159460799 132559.70640712598 1047.8362474812213 819.6262294795368 2.6773596047261283 2.513771626297578 6.2 5.0 2.367980624449493 2.5406438507155946
416 2.875 46.0 179393.2159460799 132559.70640712598 1047.8362474812213 819.6262294795368 2.6773596047261283 2.513771626297578 6.2 5.0 2.367980624449493 2.5406438507155946
417 2.875 46.0 179393.2159460799 132559.70640712598 1047.8362474812213 819.6262294795368 2.6773596047261283 2.513771626297578 6.2 5.0 2.367980624449493 2.5406438507155946
418 2.875 46.0 179307.18940671053 132559.70640712598 1047.4334305416119 819.6262294795368 2.674533729098811 2.513771626297578 6.2 5.0 2.3724374382813496 2.5406438507155946
419 2.875 46.0 179319.56458898808 132559.70640712598 1047.4976550966062 819.6262294795368 2.6743707841379654 2.513771626297578 6.2 5.0 2.3722735860580864 2.5406438507155946
420 2.875 46.0 179182.15670044784 132559.70640712598 1046.953191483582 819.6262294795368 2.6745403993170274 2.513771626297578 6.2 5.0 2.375364993611833 2.5406438507155946
421 2.875 46.0 179123.37137481855 132559.70640712598 1046.2684301623287 819.6262294795368 2.6750959169696102 2.513771626297578 6.2 5.0 2.3758291918853707 2.5406438507155946
422 2.875 46.0 179123.37137481855 132559.70640712598 1046.2684301623287 819.6262294795368 2.6750959169696102 2.513771626297578 6.2 5.0 2.3758291918853707 2.5406438507155946
423 2.875 46.0 178477.81108635038 132559.70640712598 1044.837686180373 819.6262294795368 2.678572975604894 2.513771626297578 6.225 5.0 2.3737158100829925 2.5406438507155946
424 2.875 46.0 178689.52012273643 132559.70640712598 1045.6645978466127 819.6262294795368 2.6786027333419056 2.513771626297578 6.2125 5.0 2.3751704523694004 2.5406438507155946
425 2.875 46.0 178689.52012273643 132559.70640712598 1045.6645978466127 819.6262294795368 2.6786027333419056 2.513771626297578 6.2125 5.0 2.3751704523694004 2.5406438507155946
426 2.875 46.0 178689.52012273643 132559.70640712598 1045.6645978466127 819.6262294795368 2.6786027333419056 2.513771626297578 6.2125 5.0 2.3751704523694004 2.5406438507155946
427 2.875 46.0 178689.52012273643 132559.70640712598 1045.6645978466127 819.6262294795368 2.6786027333419056 2.513771626297578 6.2125 5.0 2.3751704523694004 2.5406438507155946
428 2.875 46.0 178689.52012273643 132559.70640712598 1045.6645978466127 819.6262294795368 2.6786027333419056 2.513771626297578 6.2125 5.0 2.3751704523694004 2.5406438507155946
429 2.875 46.0 178839.74207907653 132559.70640712598 1044.0501195852617 819.6262294795368 2.675992961452417 2.513771626297578 6.2125 5.0 2.3800087167355146 2.5406438507155946
430 2.875 46.0 178839.74207907653 132559.70640712598 1044.0501195852617 819.6262294795368 2.675992961452417 2.513771626297578 6.2125 5.0 2.3800087167355146 2.5406438507155946
431 2.875 46.0 178839.74207907653 132559.70640712598 1044.0501195852617 819.6262294795368 2.675992961452417 2.513771626297578 6.2125 5.0 2.3800087167355146 2.5406438507155946
432 2.875 46.0 178821.00883903992 132559.70640712598 1043.8770979622082 819.6262294795368 2.6775497571189444 2.513771626297578 6.2125 5.0 2.37915494501966 2.5406438507155946
433 2.875 46.0 178821.00883903992 132559.70640712598 1043.8770979622082 819.6262294795368 2.6775497571189444 2.513771626297578 6.2125 5.0 2.37915494501966 2.5406438507155946
434 2.875 46.0 178821.00883903992 132559.70640712598 1043.8770979622082 819.6262294795368 2.6775497571189444 2.513771626297578 6.2125 5.0 2.37915494501966 2.5406438507155946
435 2.875 46.0 178800.0835908262 132559.70640712598 1043.5447454252364 819.6262294795368 2.677256855730806 2.513771626297578 6.2125 5.0 2.380543495306961 2.5406438507155946
436 2.875 46.0 178800.0835908262 132559.70640712598 1043.5447454252364 819.6262294795368 2.677256855730806 2.513771626297578 6.2125 5.0 2.380543495306961 2.5406438507155946
437 2.875 46.0 178800.0835908262 132559.70640712598 1043.5447454252364 819.6262294795368 2.677256855730806 2.513771626297578 6.2125 5.0 2.380543495306961 2.5406438507155946
438 2.875 46.0 178873.60170778076 132559.70640712598 1044.275601417075 819.6262294795368 2.6780360662254923 2.513771626297578 6.2125 5.0 2.377389511553287 2.5406438507155946
439 2.875 46.0 178873.60170778076 132559.70640712598 1044.275601417075 819.6262294795368 2.6780360662254923 2.513771626297578 6.2125 5.0 2.377389511553287 2.5406438507155946
440 2.875 46.0 179108.30984124012 132559.70640712598 1043.5054660794012 819.6262294795368 2.6763287134902516 2.513771626297578 6.2 5.0 2.381772699188808 2.5406438507155946
441 2.875 46.0 178690.15817783232 132559.70640712598 1044.537278575839 819.6262294795368 2.6778281621223248 2.513771626297578 6.225 5.0 2.374371313097704 2.5406438507155946
442 2.875 46.0 178690.15817783232 132559.70640712598 1044.537278575839 819.6262294795368 2.6778281621223248 2.513771626297578 6.225 5.0 2.374371313097704 2.5406438507155946
443 2.875 46.0 178690.15817783232 132559.70640712598 1044.537278575839 819.6262294795368 2.6778281621223248 2.513771626297578 6.225 5.0 2.374371313097704 2.5406438507155946
444 2.875 46.0 178690.15817783232 132559.70640712598 1044.537278575839 819.6262294795368 2.6778281621223248 2.513771626297578 6.225 5.0 2.374371313097704 2.5406438507155946
445 2.875 46.0 178687.7911112754 132559.70640712598 1044.5389016041513 819.6262294795368 2.677833475242189 2.513771626297578 6.225 5.0 2.3743053861324994 2.5406438507155946
446 2.875 46.0 178687.7911112754 132559.70640712598 1044.5389016041513 819.6262294795368 2.677833475242189 2.513771626297578 6.225 5.0 2.3743053861324994 2.5406438507155946
447 2.875 46.0 178684.99186769564 132559.70640712598 1042.4293858323697 819.6262294795368 2.676866774097353 2.513771626297578 6.225 5.0 2.380317758786179 2.5406438507155946
448 2.875 46.0 178684.99186769564 132559.70640712598 1042.4293858323697 819.6262294795368 2.676866774097353 2.513771626297578 6.225 5.0 2.380317758786179 2.5406438507155946
449 2.875 46.0 178684.99186769564 132559.70640712598 1042.4293858323697 819.6262294795368 2.676866774097353 2.513771626297578 6.225 5.0 2.380317758786179 2.5406438507155946
450 2.875 46.0 178576.88083927394 132559.70640712598 1042.0327205714198 819.6262294795368 2.6762058744433737 2.513771626297578 6.225 5.0 2.3828619936211437 2.5406438507155946
451 2.875 46.0 178576.88083927394 132559.70640712598 1042.0327205714198 819.6262294795368 2.6762058744433737 2.513771626297578 6.225 5.0 2.3828619936211437 2.5406438507155946
452 2.875 46.0 178576.88083927394 132559.70640712598 1042.0327205714198 819.6262294795368 2.6762058744433737 2.513771626297578 6.225 5.0 2.3828619936211437 2.5406438507155946
453 2.875 46.0 178810.8337246014 132559.70640712598 1042.7069951253438 819.6262294795368 2.6749667777799715 2.513771626297578 6.225 5.0 2.3790837037529573 2.5406438507155946
454 2.875 46.0 178810.8337246014 132559.70640712598 1042.7069951253438 819.6262294795368 2.6749667777799715 2.513771626297578 6.225 5.0 2.3790837037529573 2.5406438507155946
455 2.875 46.0 178950.71057016592 132559.70640712598 1043.4964729247786 819.6262294795368 2.6740139200043584 2.513771626297578 6.2125 5.0 2.381578864703413 2.5406438507155946
456 2.875 46.0 178950.71057016592 132559.70640712598 1043.4964729247786 819.6262294795368 2.6740139200043584 2.513771626297578 6.2125 5.0 2.381578864703413 2.5406438507155946
457 2.875 46.0 178303.0055532369 132559.70640712598 1042.4822990805237 819.6262294795368 2.6750643774485536 2.513771626297578 6.2375 5.0 2.3807731044733416 2.5406438507155946
458 2.875 46.0 178303.0055532369 132559.70640712598 1042.4822990805237 819.6262294795368 2.6750643774485536 2.513771626297578 6.2375 5.0 2.3807731044733416 2.5406438507155946
459 2.875 46.0 178303.0055532369 132559.70640712598 1042.4822990805237 819.6262294795368 2.6750643774485536 2.513771626297578 6.2375 5.0 2.3807731044733416 2.5406438507155946
460 2.875 46.0 178303.0055532369 132559.70640712598 1042.4822990805237 819.6262294795368 2.6750643774485536 2.513771626297578 6.2375 5.0 2.3807731044733416 2.5406438507155946
461 2.875 46.0 178303.0055532369 132559.70640712598 1042.4822990805237 819.6262294795368 2.6750643774485536 2.513771626297578 6.2375 5.0 2.3807731044733416 2.5406438507155946
462 2.875 46.0 178389.98045561882 132559.70640712598 1043.196443455755 819.6262294795368 2.6732453207221782 2.513771626297578 6.2375 5.0 2.379521437598408 2.5406438507155946
463 2.875 46.0 178389.98045561882 132559.70640712598 1043.196443455755 819.6262294795368 2.6732453207221782 2.513771626297578 6.2375 5.0 2.379521437598408 2.5406438507155946
464 2.875 46.0 178357.68532922317 132559.70640712598 1043.794166442721 819.6262294795368 2.6720189492598356 2.513771626297578 6.2375 5.0 2.3798996260157748 2.5406438507155946
465 2.875 46.0 178357.68532922317 132559.70640712598 1043.794166442721 819.6262294795368 2.6720189492598356 2.513771626297578 6.2375 5.0 2.3798996260157748 2.5406438507155946
466 2.875 46.0 178357.68532922317 132559.70640712598 1043.794166442721 819.6262294795368 2.6720189492598356 2.513771626297578 6.2375 5.0 2.3798996260157748 2.5406438507155946
467 2.875 46.0 178357.68532922317 132559.70640712598 1043.794166442721 819.6262294795368 2.6720189492598356 2.513771626297578 6.2375 5.0 2.3798996260157748 2.5406438507155946
468 2.875 46.0 178654.03185259382 132559.70640712598 1043.3105153983856 819.6262294795368 2.671192762790454 2.513771626297578 6.225 5.0 2.3820393294237285 2.5406438507155946
469 2.875 46.0 178654.03185259382 132559.70640712598 1043.3105153983856 819.6262294795368 2.671192762790454 2.513771626297578 6.225 5.0 2.3820393294237285 2.5406438507155946
470 2.875 46.0 178654.03185259382 132559.70640712598 1043.3105153983856 819.6262294795368 2.671192762790454 2.513771626297578 6.225 5.0 2.3820393294237285 2.5406438507155946
471 2.875 46.0 178654.03185259382 132559.70640712598 1043.3105153983856 819.6262294795368 2.671192762790454 2.513771626297578 6.225 5.0 2.3820393294237285 2.5406438507155946
472 2.875 46.0 178643.72477230369 132559.70640712598 1044.0803188850462 819.6262294795368 2.67124831834601 2.513771626297578 6.225 5.0 2.380560842332427 2.5406438507155946
473 2.875 46.0 178647.1322833577 132559.70640712598 1044.102597576187 819.6262294795368 2.671217176477498 2.513771626297578 6.225 5.0 2.3805601807789283 2.5406438507155946
474 2.875 46.0 178647.1322833577 132559.70640712598 1044.102597576187 819.6262294795368 2.671217176477498 2.513771626297578 6.225 5.0 2.3805601807789283 2.5406438507155946
475 2.875 46.0 178837.45856008347 132559.70640712598 1047.0054550495895 819.6262294795368 2.672129376231348 2.513771626297578 6.2125 5.0 2.3768216979503234 2.5406438507155946
476 2.875 46.0 178837.45856008347 132559.70640712598 1047.0054550495895 819.6262294795368 2.672129376231348 2.513771626297578 6.2125 5.0 2.3768216979503234 2.5406438507155946
477 2.875 46.0 178889.69667489492 132559.70640712598 1046.0201839378274 819.6262294795368 2.6714180678819637 2.513771626297578 6.2125 5.0 2.378097356353896 2.5406438507155946
478 2.875 46.0 178889.69667489492 132559.70640712598 1046.0201839378274 819.6262294795368 2.6714180678819637 2.513771626297578 6.2125 5.0 2.378097356353896 2.5406438507155946
479 2.875 46.0 179003.87200298035 132559.70640712598 1044.9646774947992 819.6262294795368 2.6719570188396626 2.513771626297578 6.2 5.0 2.383304343723441 2.5406438507155946
480 2.875 46.0 179003.87200298035 132559.70640712598 1044.9646774947992 819.6262294795368 2.6719570188396626 2.513771626297578 6.2 5.0 2.383304343723441 2.5406438507155946
481 2.875 46.0 179003.87200298035 132559.70640712598 1044.9646774947992 819.6262294795368 2.6719570188396626 2.513771626297578 6.2 5.0 2.383304343723441 2.5406438507155946
482 2.875 46.0 179003.87200298035 132559.70640712598 1044.9646774947992 819.6262294795368 2.6719570188396626 2.513771626297578 6.2 5.0 2.383304343723441 2.5406438507155946
483 2.875 46.0 178994.12056866405 131779.59166182298 1044.9657368896064 819.7109810641118 2.6719397178016004 2.5123875432525953 6.2 5.0 2.383237045307318 2.5352599774257274
484 2.875 46.0 178994.12056866405 131779.59166182298 1044.9657368896064 819.7109810641118 2.6719397178016004 2.5123875432525953 6.2 5.0 2.383237045307318 2.5352599774257274
485 2.875 46.0 178994.12056866405 131779.59166182298 1044.9657368896064 819.7109810641118 2.6719397178016004 2.5123875432525953 6.2 5.0 2.383237045307318 2.5352599774257274
486 2.875 46.0 178930.16705257105 131779.59166182298 1046.161512202444 819.7109810641118 2.672314279299163 2.5123875432525953 6.2 5.0 2.3809789966732477 2.5352599774257274
487 2.875 46.0 178824.46156541145 131779.59166182298 1047.608733961932 819.7109810641118 2.6725946972845724 2.5123875432525953 6.2 5.0 2.378914496426799 2.5352599774257274
488 2.875 46.0 178552.97641440068 131779.59166182298 1046.7990108398556 819.7109810641118 2.6723670315170787 2.5123875432525953 6.2125 5.0 2.3795892716651084 2.5352599774257274
489 2.875 46.0 178552.97641440068 131779.59166182298 1046.7990108398556 819.7109810641118 2.6723670315170787 2.5123875432525953 6.2125 5.0 2.3795892716651084 2.5352599774257274
490 2.875 46.0 178552.97641440068 131779.59166182298 1046.7990108398556 819.7109810641118 2.6723670315170787 2.5123875432525953 6.2125 5.0 2.3795892716651084 2.5352599774257274
491 2.875 46.0 178634.5067004937 131779.59166182298 1046.3442129227963 819.7109810641118 2.6712936272416554 2.5123875432525953 6.2125 5.0 2.3813048671286317 2.5352599774257274
492 2.875 46.0 178644.72289144917 131779.59166182298 1048.2617063798393 819.7109810641118 2.672214595101603 2.5123875432525953 6.2125 5.0 2.3749635497190167 2.5352599774257274
493 2.875 46.0 178626.1316722694 131779.59166182298 1048.9673874918299 819.7109810641118 2.6733528509058595 2.5123875432525953 6.2125 5.0 2.372855891530738 2.5352599774257274
494 2.875 46.0 178626.1316722694 131779.59166182298 1048.9673874918299 819.7109810641118 2.6733528509058595 2.5123875432525953 6.2125 5.0 2.372855891530738 2.5352599774257274
495 2.875 46.0 178626.1316722694 131779.59166182298 1048.9673874918299 819.7109810641118 2.6733528509058595 2.5123875432525953 6.2125 5.0 2.372855891530738 2.5352599774257274
496 2.875 46.0 178626.1316722694 131779.59166182298 1048.9673874918299 819.7109810641118 2.6733528509058595 2.5123875432525953 6.2125 5.0 2.372855891530738 2.5352599774257274
497 2.875 46.0 179066.97190341778 131779.59166182298 1051.907104482347 819.7109810641118 2.67386930797303 2.5123875432525953 6.1875 5.0 2.3702698842210674 2.5352599774257274
498 2.875 46.0 179420.16492744285 131779.59166182298 1051.4491706183803 819.7109810641118 2.67327547191066 2.5123875432525953 6.175 5.0 2.3727189340684545 2.5352599774257274
499 2.875 46.0 179420.16492744285 131779.59166182298 1051.4491706183803 819.7109810641118 2.67327547191066 2.5123875432525953 6.175 5.0 2.3727189340684545 2.5352599774257274
