0 6.0 0.6 84996.1282043028 61488.14913163761 2.9458645806140797 2.6691610870421427 0.005293253177172843 0.004813894028163224
1 6.0 0.6 84996.1282043028 61488.14913163761 2.9458645806140797 2.6691610870421427 0.005293253177172843 0.004813894028163224
2 6.0 0.6 84996.1282043028 61488.14913163761 2.9458645806140797 2.6691610870421427 0.005293253177172843 0.004813894028163224
3 6.0 0.6 84996.1282043028 61488.14913163761 2.9458645806140797 2.6691610870421427 0.005293253177172843 0.004813894028163224
4 6.0 0.6 84996.1282043028 61488.14913163761 2.9458645806140797 2.6691610870421427 0.005293253177172843 0.004813894028163224
5 6.0 0.6 84688.98499868067 61488.14913163761 2.940966299527085 2.6691610870421427 0.0053200492665811585 0.004813894028163224
6 6.0 0.6 84688.98499868067 61488.14913163761 2.940966299527085 2.6691610870421427 0.0053200492665811585 0.004813894028163224
7 6.0 0.6 84688.98499868067 61488.14913163761 2.940966299527085 2.6691610870421427 0.0053200492665811585 0.004813894028163224
8 6.0 0.6 84688.98499868067 61488.14913163761 2.940966299527085 2.6691610870421427 0.0053200492665811585 0.004813894028163224
9 6.0 0.6 84688.98499868067 61488.14913163761 2.940966299527085 2.6691610870421427 0.0053200492665811585 0.004813894028163224
10 6.0 0.6 84614.05530008473 59240.2581737594 2.9401162536615284 2.6436597110754416 0.005321465984093838 0.004856395553543585
11 6.0 0.6 84614.05530008473 59240.2581737594 2.9401162536615284 2.6436597110754416 0.005321465984093838 0.004856395553543585
12 6.0 0.6 85449.63999257072 59240.2581737594 2.940611224531342 2.6436597110754416 0.005272490073874511 0.004856395553543585
13 6.0 0.6 85459.83322578165 59240.2581737594 2.939852772288123 2.6436597110754416 0.0052736760602593875 0.004856395553543585
14 6.0 0.6 85459.83322578165 59240.2581737594 2.939852772288123 2.6436597110754416 0.0052736760602593875 0.004856395553543585
15 6.0 0.6 85459.83322578165 59240.2581737594 2.939852772288123 2.6436597110754416 0.0052736760602593875 0.004856395553543585
16 6.0 0.6 85459.83322578165 59240.2581737594 2.939852772288123 2.6436597110754416 0.0052736760602593875 0.004856395553543585
17 6.0 0.6 85459.83322578165 59240.2581737594 2.939852772288123 2.6436597110754416 0.0052736760602593875 0.004856395553543585
18 6.0 0.6 85434.99606923504 59240.2581737594 2.9413953870200937 2.6436597110754416 0.005273083067066949 0.004856395553543585
19 6.0 0.6 85434.99606923504 59240.2581737594 2.9413953870200937 2.6436597110754416 0.005273083067066949 0.004856395553543585
20 6.0 0.6 85434.99606923504 59240.2581737594 2.9413953870200937 2.6436597110754416 0.005273083067066949 0.004856395553543585
21 6.0 0.6 85434.99606923504 59240.2581737594 2.9413953870200937 2.6436597110754416 0.005273083067066949 0.004856395553543585
22 6.0 0.6 85434.99606923504 59240.2581737594 2.9413953870200937 2.6436597110754416 0.005273083067066949 0.004856395553543585
23 6.0 0.6 85434.99606923504 59240.2581737594 2.9413953870200937 2.6436597110754416 0.005273083067066949 0.004856395553543585
24 6.0 0.6 85434.99606923504 59240.2581737594 2.9413953870200937 2.6436597110754416 0.005273083067066949 0.004856395553543585
