0 24.4 2.44 56352.04434810722 40366.077515936435 2.099343518633863 2.0552126200274348 0.004781833496863982 0.004841547475800012
1 24.4 2.44 56352.04434810722 40366.077515936435 2.099343518633863 2.0552126200274348 0.004781833496863982 0.004841547475800012
2 24.4 2.44 56352.04434810722 40366.077515936435 2.099343518633863 2.0552126200274348 0.004781833496863982 0.004841547475800012
3 24.4 2.44 56352.04434810722 40366.077515936435 2.099343518633863 2.0552126200274348 0.004781833496863982 0.004841547475800012
4 24.4 2.44 56352.04434810722 40366.077515936435 2.099343518633863 2.0552126200274348 0.004781833496863982 0.004841547475800012
5 24.4 2.44 56352.04434810722 40366.077515936435 2.099343518633863 2.0552126200274348 0.004781833496863982 0.004841547475800012
6 24.4 2.44 56352.04434810722 40366.077515936435 2.099343518633863 2.0552126200274348 0.004781833496863982 0.004841547475800012
7 24.4 2.44 56352.04434810722 40366.077515936435 2.099343518633863 2.0552126200274348 0.004781833496863982 0.004841547475800012
8 24.4 2.44 56352.04434810722 40366.077515936435 2.099343518633863 2.0552126200274348 0.004781833496863982 0.004841547475800012
9 24.4 2.44 56352.04434810722 40366.077515936435 2.099343518633863 2.0552126200274348 0.004781833496863982 0.004841547475800012
10 24.4 2.44 56352.04434810722 40366.077515936435 2.099343518633863 2.0552126200274348 0.004781833496863982 0.004841547475800012
11 24.4 2.44 56352.04434810722 40366.077515936435 2.099343518633863 2.0552126200274348 0.004781833496863982 0.004841547475800012
12 24.4 2.44 56352.04434810722 40366.077515936435 2.099343518633863 2.0552126200274348 0.004781833496863982 0.004841547475800012
