0 32.6 2.96 62055.051072140224 40354.02144563973 2.0005312383090166 2.0801346801346803 0.005241270000146884 0.005180323884179503
1 32.6 2.96 62055.051072140224 40354.02144563973 2.0005312383090166 2.0801346801346803 0.005241270000146884 0.005180323884179503
2 32.6 2.96 62055.051072140224 40354.02144563973 2.0005312383090166 2.0801346801346803 0.005241270000146884 0.005180323884179503
3 32.6 2.96 62055.051072140224 40354.02144563973 2.0005312383090166 2.0801346801346803 0.005241270000146884 0.005180323884179503
4 32.6 2.96 62055.051072140224 40354.02144563973 2.0005312383090166 2.0801346801346803 0.005241270000146884 0.005180323884179503
5 32.6 2.96 62055.051072140224 40354.02144563973 2.0005312383090166 2.0801346801346803 0.005241270000146884 0.005180323884179503
6 32.6 2.96 62055.051072140224 40354.02144563973 2.0005312383090166 2.0801346801346803 0.005241270000146884 0.005180323884179503
7 32.6 2.96 62055.051072140224 40354.02144563973 2.0005312383090166 2.0801346801346803 0.005241270000146884 0.005180323884179503
8 32.6 2.96 62055.051072140224 40354.02144563973 2.0005312383090166 2.0801346801346803 0.005241270000146884 0.005180323884179503
9 33.6 3.06 62014.16197485875 40867.78409441119 1.9998802843247292 2.0707070707070705 0.00524815553343842 0.00525628171239328
10 33.6 3.06 62014.16197485875 40867.78409441119 1.9998802843247292 2.0707070707070705 0.00524815553343842 0.00525628171239328
11 33.6 3.06 62014.16197485875 40867.78409441119 1.9998802843247292 2.0707070707070705 0.00524815553343842 0.00525628171239328
12 33.6 3.06 62014.16197485875 40867.78409441119 1.9998802843247292 2.0707070707070705 0.00524815553343842 0.00525628171239328
13 33.6 3.06 61929.54034673875 40867.78409441119 2.000374111485223 2.0707070707070705 0.005253396623585171 0.00525628171239328
14 33.6 3.06 62017.415298445536 40867.78409441119 2.003658234769346 2.0707070707070705 0.005239180594755749 0.00525628171239328
15 33.6 3.06 62017.415298445536 40867.78409441119 2.003658234769346 2.0707070707070705 0.005239180594755749 0.00525628171239328
16 33.6 3.06 62017.415298445536 40867.78409441119 2.003658234769346 2.0707070707070705 0.005239180594755749 0.00525628171239328
17 33.6 3.06 62017.415298445536 40867.78409441119 2.003658234769346 2.0707070707070705 0.005239180594755749 0.00525628171239328
18 33.6 3.06 62017.415298445536 40867.78409441119 2.003658234769346 2.0707070707070705 0.005239180594755749 0.00525628171239328
19 33.6 3.06 62008.67523223561 40867.78409441119 2.003214171495094 2.0707070707070705 0.005240321615832691 0.00525628171239328
20 33.6 3.06 62008.67523223561 40867.78409441119 2.003214171495094 2.0707070707070705 0.005240321615832691 0.00525628171239328
21 33.6 3.06 62008.67523223561 40867.78409441119 2.003214171495094 2.0707070707070705 0.005240321615832691 0.00525628171239328
22 33.6 3.06 62008.67523223561 40867.78409441119 2.003214171495094 2.0707070707070705 0.005240321615832691 0.00525628171239328
23 33.6 3.06 62101.04642078106 40867.78409441119 2.0018112534255095 2.0707070707070705 0.005237549863404149 0.00525628171239328
24 33.6 3.06 62101.04642078106 40867.78409441119 2.0018112534255095 2.0707070707070705 0.005237549863404149 0.00525628171239328
25 33.6 3.06 62114.60644371859 40867.78409441119 2.001923486871076 2.0707070707070705 0.005237054252042754 0.00525628171239328
26 33.6 3.06 62114.60644371859 40867.78409441119 2.001923486871076 2.0707070707070705 0.005237054252042754 0.00525628171239328
27 33.6 3.06 62114.60644371859 40867.78409441119 2.001923486871076 2.0707070707070705 0.005237054252042754 0.00525628171239328
28 33.6 3.06 62114.60644371859 40867.78409441119 2.001923486871076 2.0707070707070705 0.005237054252042754 0.00525628171239328
29 33.6 3.06 62114.60644371859 40867.78409441119 2.001923486871076 2.0707070707070705 0.005237054252042754 0.00525628171239328
30 33.6 3.06 62114.60644371859 40867.78409441119 2.001923486871076 2.0707070707070705 0.005237054252042754 0.00525628171239328
31 33.6 3.06 62016.06214717307 40867.78409441119 2.0017032552043035 2.0707070707070705 0.005243144117137017 0.00525628171239328
32 33.6 3.06 62016.06214717307 40867.78409441119 2.0017032552043035 2.0707070707070705 0.005243144117137017 0.00525628171239328
33 33.6 3.06 62043.72831969855 40867.78409441119 2.0004917692758366 2.0707070707070705 0.005244004193468792 0.00525628171239328
34 33.6 3.06 62043.72831969855 40867.78409441119 2.0004917692758366 2.0707070707070705 0.005244004193468792 0.00525628171239328
35 33.6 3.06 62043.72831969855 40867.78409441119 2.0004917692758366 2.0707070707070705 0.005244004193468792 0.00525628171239328
36 33.6 3.06 62043.72831969855 40867.78409441119 2.0004917692758366 2.0707070707070705 0.005244004193468792 0.00525628171239328
37 33.6 3.06 62043.72831969855 40867.78409441119 2.0004917692758366 2.0707070707070705 0.005244004193468792 0.00525628171239328
38 33.6 3.06 62043.72831969855 40867.78409441119 2.0004917692758366 2.0707070707070705 0.005244004193468792 0.00525628171239328
39 33.6 3.06 62178.90844390691 40867.78409441119 1.998707257491325 2.0707070707070705 0.005237698776054625 0.00525628171239328
40 33.6 3.06 62178.90844390691 40867.78409441119 1.998707257491325 2.0707070707070705 0.005237698776054625 0.00525628171239328
41 33.6 3.06 62119.66729950402 40867.78409441119 2.001018712632969 2.0707070707070705 0.005236807667379357 0.00525628171239328
42 33.6 3.06 62119.66729950402 40867.78409441119 2.001018712632969 2.0707070707070705 0.005236807667379357 0.00525628171239328
43 33.6 3.06 62119.66729950402 40867.78409441119 2.001018712632969 2.0707070707070705 0.005236807667379357 0.00525628171239328
44 33.6 3.06 62046.98838692147 40867.78409441119 2.0016899549708778 2.0707070707070705 0.005240015035366599 0.00525628171239328
45 33.6 3.06 62046.98838692147 40867.78409441119 2.0016899549708778 2.0707070707070705 0.005240015035366599 0.00525628171239328
46 33.6 3.06 62046.98838692147 40867.78409441119 2.0016899549708778 2.0707070707070705 0.005240015035366599 0.00525628171239328
47 33.6 3.06 62046.98838692147 40867.78409441119 2.0016899549708778 2.0707070707070705 0.005240015035366599 0.00525628171239328
48 33.6 3.06 61956.81728588012 40867.78409441119 2.0015216048025275 2.0707070707070705 0.005247760201916796 0.00525628171239328
49 33.6 3.06 61956.81728588012 40867.78409441119 2.0015216048025275 2.0707070707070705 0.005247760201916796 0.00525628171239328
