0 3.4 0.34 84709.10978965941 78975.7120956967 3.1854969428508966 3.0404383975812546 0.0061116516009991585 0.004263762242485648
1 3.4 0.34 84709.10978965941 78975.7120956967 3.1854969428508966 3.0404383975812546 0.0061116516009991585 0.004263762242485648
2 3.4 0.34 84709.10978965941 78975.7120956967 3.1854969428508966 3.0404383975812546 0.0061116516009991585 0.004263762242485648
3 3.4 0.34 84709.10978965941 78975.7120956967 3.1854969428508966 3.0404383975812546 0.0061116516009991585 0.004263762242485648
4 3.4 0.34 84709.10978965941 78975.7120956967 3.1854969428508966 3.0404383975812546 0.0061116516009991585 0.004263762242485648
5 3.4 0.34 84709.10978965941 78975.7120956967 3.1854969428508966 3.0404383975812546 0.0061116516009991585 0.004263762242485648
6 3.4 0.34 84709.10978965941 78975.7120956967 3.1854969428508966 3.0404383975812546 0.0061116516009991585 0.004263762242485648
7 3.4 0.34 84709.10978965941 78975.7120956967 3.1854969428508966 3.0404383975812546 0.0061116516009991585 0.004263762242485648
8 3.4 0.34 84709.10978965941 78975.7120956967 3.1854969428508966 3.0404383975812546 0.0061116516009991585 0.004263762242485648
9 3.4 0.34 84709.10978965941 78975.7120956967 3.1854969428508966 3.0404383975812546 0.0061116516009991585 0.004263762242485648
10 3.4 0.34 84709.10978965941 78975.7120956967 3.1854969428508966 3.0404383975812546 0.0061116516009991585 0.004263762242485648
11 3.4 0.34 84709.10978965941 78975.7120956967 3.1854969428508966 3.0404383975812546 0.0061116516009991585 0.004263762242485648
12 3.4 0.34 84709.10978965941 78975.7120956967 3.1854969428508966 3.0404383975812546 0.0061116516009991585 0.004263762242485648
13 3.6 0.36 84506.14535156063 73038.24983087958 3.205047976124009 3.2614814814814816 0.00607633510424849 0.004024943310657599
14 3.6 0.36 84506.14535156063 73038.24983087958 3.205047976124009 3.2614814814814816 0.00607633510424849 0.004024943310657599
15 3.6 0.36 84049.38903095592 76523.83100112318 3.1934439252683453 2.886963371406065 0.006134568650214664 0.004896818360914107
16 3.6 0.36 84049.38903095592 76523.83100112318 3.1934439252683453 2.886963371406065 0.006134568650214664 0.004896818360914107
17 3.6 0.36 84450.48626219995 76523.83100112318 3.203228992519442 2.886963371406065 0.006068239662088525 0.004896818360914107
18 3.6 0.36 84450.48626219995 76523.83100112318 3.203228992519442 2.886963371406065 0.006068239662088525 0.004896818360914107
19 3.6 0.36 83185.18908726437 76523.83100112318 3.1845504206197943 2.886963371406065 0.006206226809201394 0.004896818360914107
20 3.6 0.36 83131.1780395868 76523.83100112318 3.1714049621021427 2.886963371406065 0.006240080726597627 0.004896818360914107
21 3.6 0.36 83131.1780395868 76523.83100112318 3.1714049621021427 2.886963371406065 0.006240080726597627 0.004896818360914107
22 3.6 0.36 83390.6293729483 76523.83100112318 3.1687027731291257 2.886963371406065 0.006225526882610661 0.004896818360914107
23 3.6 0.36 83390.6293729483 76523.83100112318 3.1687027731291257 2.886963371406065 0.006225526882610661 0.004896818360914107
24 3.6 0.36 83390.6293729483 76523.83100112318 3.1687027731291257 2.886963371406065 0.006225526882610661 0.004896818360914107
25 3.6 0.36 83390.6293729483 76523.83100112318 3.1687027731291257 2.886963371406065 0.006225526882610661 0.004896818360914107
26 3.6 0.36 83128.03325029252 76523.83100112318 3.1618336233620776 2.886963371406065 0.006268536566103399 0.004896818360914107
27 3.6 0.36 83128.03325029252 76523.83100112318 3.1618336233620776 2.886963371406065 0.006268536566103399 0.004896818360914107
28 3.6 0.36 83128.03325029252 76523.83100112318 3.1618336233620776 2.886963371406065 0.006268536566103399 0.004896818360914107
29 3.6 0.36 83128.03325029252 76523.83100112318 3.1618336233620776 2.886963371406065 0.006268536566103399 0.004896818360914107
30 3.6 0.36 83128.03325029252 76523.83100112318 3.1618336233620776 2.886963371406065 0.006268536566103399 0.004896818360914107
31 3.6 0.36 83128.03325029252 76523.83100112318 3.1618336233620776 2.886963371406065 0.006268536566103399 0.004896818360914107
32 3.6 0.36 83128.03325029252 76523.83100112318 3.1618336233620776 2.886963371406065 0.006268536566103399 0.004896818360914107
33 3.6 0.36 82812.59890541021 76523.83100112318 3.1672204578794103 2.886963371406065 0.006287086960345975 0.004896818360914107
34 3.6 0.36 82506.59332757311 76523.83100112318 3.1834776563400444 2.886963371406065 0.006276062934734959 0.004896818360914107
35 3.6 0.36 82506.59332757311 76523.83100112318 3.1834776563400444 2.886963371406065 0.006276062934734959 0.004896818360914107
36 3.6 0.36 82506.59332757311 76523.83100112318 3.1834776563400444 2.886963371406065 0.006276062934734959 0.004896818360914107
37 3.6 0.36 82639.8823996319 76523.83100112318 3.1419000489383015 2.886963371406065 0.006347004002575312 0.004896818360914107
38 3.6 0.36 82639.8823996319 76523.83100112318 3.1419000489383015 2.886963371406065 0.006347004002575312 0.004896818360914107
39 3.6 0.36 82639.8823996319 76523.83100112318 3.1419000489383015 2.886963371406065 0.006347004002575312 0.004896818360914107
40 3.6 0.36 82639.8823996319 76523.83100112318 3.1419000489383015 2.886963371406065 0.006347004002575312 0.004896818360914107
41 3.6 0.36 82639.8823996319 76523.83100112318 3.1419000489383015 2.886963371406065 0.006347004002575312 0.004896818360914107
42 3.6 0.36 82639.8823996319 76523.83100112318 3.1419000489383015 2.886963371406065 0.006347004002575312 0.004896818360914107
43 3.6 0.36 82971.26905709908 76523.83100112318 3.1373264753880354 2.886963371406065 0.00632044754877384 0.004896818360914107
44 3.6 0.36 82971.26905709908 76523.83100112318 3.1373264753880354 2.886963371406065 0.00632044754877384 0.004896818360914107
45 3.6 0.36 82971.26905709908 76523.83100112318 3.1373264753880354 2.886963371406065 0.00632044754877384 0.004896818360914107
46 3.6 0.36 83008.67547225361 76523.83100112318 3.1391001431189305 2.886963371406065 0.006315253336847271 0.004896818360914107
47 3.6 0.36 83008.67547225361 76523.83100112318 3.1391001431189305 2.886963371406065 0.006315253336847271 0.004896818360914107
48 3.6 0.36 83008.67547225361 76523.83100112318 3.1391001431189305 2.886963371406065 0.006315253336847271 0.004896818360914107
49 3.6 0.36 83008.67547225361 76523.83100112318 3.1391001431189305 2.886963371406065 0.006315253336847271 0.004896818360914107
