0 3.0 0.3 87899.65833068374 65251.30629466883 3.0487026701804814 3.0925553319919517 0.005846929900416376 0.004911868596287785
1 3.0 0.3 87899.65833068374 65251.30629466883 3.0487026701804814 3.0925553319919517 0.005846929900416376 0.004911868596287785
2 3.0 0.3 87500.63858111581 65251.30629466883 3.068439695392986 3.0925553319919517 0.005831548638225698 0.004911868596287785
3 3.0 0.3 87280.68215921226 65251.30629466883 3.0668824737510962 3.0925553319919517 0.005844187139971449 0.004911868596287785
4 3.0 0.3 87280.68215921226 65251.30629466883 3.0668824737510962 3.0925553319919517 0.005844187139971449 0.004911868596287785
5 3.0 0.3 87267.6465994726 65251.30629466883 3.0668824737510962 3.0925553319919517 0.005847275861617361 0.004911868596287785
6 3.0 0.3 87267.6465994726 65251.30629466883 3.0668824737510962 3.0925553319919517 0.005847275861617361 0.004911868596287785
7 3.0 0.3 87267.6465994726 65251.30629466883 3.0668824737510962 3.0925553319919517 0.005847275861617361 0.004911868596287785
8 3.0 0.3 87267.6465994726 65251.30629466883 3.0668824737510962 3.0925553319919517 0.005847275861617361 0.004911868596287785
9 3.0 0.3 87427.34255403942 65251.30629466883 3.0611608533235937 3.0925553319919517 0.00584899549913073 0.004911868596287785
10 3.0 0.3 87427.34255403942 65251.30629466883 3.0611608533235937 3.0925553319919517 0.00584899549913073 0.004911868596287785
11 3.0 0.3 87427.34255403942 65251.30629466883 3.0611608533235937 3.0925553319919517 0.00584899549913073 0.004911868596287785
12 3.0 0.3 87427.34255403942 65251.30629466883 3.0611608533235937 3.0925553319919517 0.00584899549913073 0.004911868596287785
13 3.0 0.3 88104.68137365 65251.30629466883 3.0585907650056474 3.0925553319919517 0.005814742991388872 0.004911868596287785
14 3.0 0.3 88104.68137365 65251.30629466883 3.0585907650056474 3.0925553319919517 0.005814742991388872 0.004911868596287785
15 3.0 0.3 88219.71695688434 65251.30629466883 3.0687090101847376 3.0925553319919517 0.0057772369004602964 0.004911868596287785
16 3.0 0.3 88219.71695688434 65251.30629466883 3.0687090101847376 3.0925553319919517 0.0057772369004602964 0.004911868596287785
17 3.0 0.3 88219.71695688434 65251.30629466883 3.0687090101847376 3.0925553319919517 0.0057772369004602964 0.004911868596287785
18 3.0 0.3 88219.71695688434 65251.30629466883 3.0687090101847376 3.0925553319919517 0.0057772369004602964 0.004911868596287785
19 3.0 0.3 88219.71695688434 65251.30629466883 3.0687090101847376 3.0925553319919517 0.0057772369004602964 0.004911868596287785
20 3.0 0.3 88219.71695688434 65251.30629466883 3.0687090101847376 3.0925553319919517 0.0057772369004602964 0.004911868596287785
21 3.0 0.3 88219.71695688434 65251.30629466883 3.0687090101847376 3.0925553319919517 0.0057772369004602964 0.004911868596287785
22 3.0 0.3 88219.71695688434 65251.30629466883 3.0687090101847376 3.0925553319919517 0.0057772369004602964 0.004911868596287785
23 3.0 0.3 88219.71695688434 65251.30629466883 3.0687090101847376 3.0925553319919517 0.0057772369004602964 0.004911868596287785
24 3.0 0.3 88219.71695688434 65251.30629466883 3.0687090101847376 3.0925553319919517 0.0057772369004602964 0.004911868596287785
25 3.0 0.3 88219.71695688434 65251.30629466883 3.0687090101847376 3.0925553319919517 0.0057772369004602964 0.004911868596287785
26 3.0 0.3 87890.96663772159 65251.30629466883 3.071491491109762 3.0925553319919517 0.00579184865016089 0.004911868596287785
27 3.0 0.3 87890.96663772159 65251.30629466883 3.071491491109762 3.0925553319919517 0.00579184865016089 0.004911868596287785
28 3.0 0.3 87890.96663772159 65251.30629466883 3.071491491109762 3.0925553319919517 0.00579184865016089 0.004911868596287785
29 3.0 0.3 87890.96663772159 65251.30629466883 3.071491491109762 3.0925553319919517 0.00579184865016089 0.004911868596287785
30 3.0 0.3 87890.96663772159 65251.30629466883 3.071491491109762 3.0925553319919517 0.00579184865016089 0.004911868596287785
31 3.0 0.3 87890.96663772159 65251.30629466883 3.071491491109762 3.0925553319919517 0.00579184865016089 0.004911868596287785
32 3.0 0.3 87271.62520209722 65251.30629466883 3.0776880945430496 3.0925553319919517 0.005826261773346187 0.004911868596287785
33 3.0 0.3 86592.88708075987 65251.30629466883 3.089297932604751 3.0925553319919517 0.005845718186179564 0.004911868596287785
34 3.0 0.3 86890.152999659 65251.30629466883 3.09294652137095 3.0925553319919517 0.00581947040792145 0.004911868596287785
35 2.8 0.28 86870.2729905885 64654.90602255382 3.093858548389807 3.119916142557652 0.005826866599114483 0.0051337543320787585
36 2.8 0.28 86870.2729905885 64654.90602255382 3.093858548389807 3.119916142557652 0.005826866599114483 0.0051337543320787585
