0 11.4 1.14 88388.11159086203 63081.654772870286 2.373289378991336 2.391684136967156 0.00435572901261013 0.004264492444292665
1 11.4 1.14 88388.11159086203 63081.654772870286 2.373289378991336 2.391684136967156 0.00435572901261013 0.004264492444292665
2 11.4 1.14 88403.18996211764 63081.654772870286 2.3719435446310837 2.391684136967156 0.004356988949579596 0.004264492444292665
3 11.4 1.14 88403.18996211764 63081.654772870286 2.3719435446310837 2.391684136967156 0.004356988949579596 0.004264492444292665
4 11.4 1.14 88403.18996211764 63081.654772870286 2.3719435446310837 2.391684136967156 0.004356988949579596 0.004264492444292665
5 11.4 1.14 88875.40066509 63081.654772870286 2.371461740620978 2.391684136967156 0.004330638270567897 0.004264492444292665
6 11.4 1.14 88875.40066509 63081.654772870286 2.371461740620978 2.391684136967156 0.004330638270567897 0.004264492444292665
7 11.4 1.14 88875.40066509 63081.654772870286 2.371461740620978 2.391684136967156 0.004330638270567897 0.004264492444292665
8 11.4 1.14 89006.38694982333 63081.654772870286 2.3726599977015876 2.391684136967156 0.004321638052914004 0.004264492444292665
9 11.4 1.14 89006.38694982333 63081.654772870286 2.3726599977015876 2.391684136967156 0.004321638052914004 0.004264492444292665
10 11.4 1.14 89006.38694982333 63081.654772870286 2.3726599977015876 2.391684136967156 0.004321638052914004 0.004264492444292665
11 11.4 1.14 89148.81833537207 63081.654772870286 2.3635179747120696 2.391684136967156 0.004327248605046007 0.004264492444292665
12 11.4 1.14 89148.81833537207 63081.654772870286 2.3635179747120696 2.391684136967156 0.004327248605046007 0.004264492444292665
13 11.4 1.14 89440.91253700465 63081.654772870286 2.3687391069633437 2.391684136967156 0.004304712918674505 0.004264492444292665
14 11.4 1.14 89440.91253700465 63081.654772870286 2.3687391069633437 2.391684136967156 0.004304712918674505 0.004264492444292665
15 11.4 1.14 89440.91253700465 63081.654772870286 2.3687391069633437 2.391684136967156 0.004304712918674505 0.004264492444292665
16 11.4 1.14 89440.91253700465 63081.654772870286 2.3687391069633437 2.391684136967156 0.004304712918674505 0.004264492444292665
17 11.4 1.14 89440.91253700465 63081.654772870286 2.3687391069633437 2.391684136967156 0.004304712918674505 0.004264492444292665
18 11.4 1.14 89440.91253700465 63081.654772870286 2.3687391069633437 2.391684136967156 0.004304712918674505 0.004264492444292665
19 11.4 1.14 89440.91253700465 63081.654772870286 2.3687391069633437 2.391684136967156 0.004304712918674505 0.004264492444292665
20 11.4 1.14 89440.91253700465 63081.654772870286 2.3687391069633437 2.391684136967156 0.004304712918674505 0.004264492444292665
21 11.4 1.14 89419.5218548493 63081.654772870286 2.368763789179807 2.391684136967156 0.0043041896324369335 0.004264492444292665
22 11.4 1.14 89419.5218548493 63081.654772870286 2.368763789179807 2.391684136967156 0.0043041896324369335 0.004264492444292665
23 11.4 1.14 89419.5218548493 63081.654772870286 2.368763789179807 2.391684136967156 0.0043041896324369335 0.004264492444292665
24 11.4 1.14 89419.5218548493 63081.654772870286 2.368763789179807 2.391684136967156 0.0043041896324369335 0.004264492444292665
25 11.4 1.14 89419.5218548493 63081.654772870286 2.368763789179807 2.391684136967156 0.0043041896324369335 0.004264492444292665
