0 3.6 0.36 88999.38572850621 73706.88633407281 3.1662439779297618 2.9881843245372193 0.006304667405942274 0.004632413403227466
1 3.6 0.36 88999.38572850621 73706.88633407281 3.1662439779297618 2.9881843245372193 0.006304667405942274 0.004632413403227466
2 3.6 0.36 88999.38572850621 73706.88633407281 3.1662439779297618 2.9881843245372193 0.006304667405942274 0.004632413403227466
3 3.6 0.36 88999.38572850621 73706.88633407281 3.1662439779297618 2.9881843245372193 0.006304667405942274 0.004632413403227466
4 3.6 0.36 88924.53572040616 73706.88633407281 3.160121761197888 2.9881843245372193 0.006318427921530661 0.004632413403227466
5 3.6 0.36 88375.83956401063 73706.88633407281 3.16445908532019 2.9881843245372193 0.006358887177538121 0.004632413403227466
6 3.6 0.36 88375.83956401063 73706.88633407281 3.16445908532019 2.9881843245372193 0.006358887177538121 0.004632413403227466
7 3.6 0.36 88335.14293286788 73706.88633407281 3.1799320973559824 2.9881843245372193 0.006325314248528151 0.004632413403227466
8 3.6 0.36 88205.30501934102 73706.88633407281 3.1550461080358074 2.9881843245372193 0.006377553502309449 0.004632413403227466
9 3.6 0.36 88205.30501934102 73706.88633407281 3.1550461080358074 2.9881843245372193 0.006377553502309449 0.004632413403227466
10 3.6 0.36 87808.73853859893 73706.88633407281 3.153144441607149 2.9881843245372193 0.006416365519112133 0.004632413403227466
11 3.6 0.36 87810.61184090847 73706.88633407281 3.154307602436715 2.9881843245372193 0.006419839887163102 0.004632413403227466
12 3.6 0.36 87810.61184090847 73706.88633407281 3.154307602436715 2.9881843245372193 0.006419839887163102 0.004632413403227466
13 3.6 0.36 87810.61184090847 73706.88633407281 3.154307602436715 2.9881843245372193 0.006419839887163102 0.004632413403227466
14 3.6 0.36 87932.57799310921 73706.88633407281 3.155491453806254 2.9881843245372193 0.006408367401674377 0.004632413403227466
15 3.6 0.36 87932.57799310921 73706.88633407281 3.155491453806254 2.9881843245372193 0.006408367401674377 0.004632413403227466
16 3.6 0.36 88359.12076839367 73706.88633407281 3.2007392092662283 2.9881843245372193 0.0063482456062076845 0.004632413403227466
17 3.6 0.36 88359.12076839367 73706.88633407281 3.2007392092662283 2.9881843245372193 0.0063482456062076845 0.004632413403227466
18 3.6 0.36 88359.12076839367 73706.88633407281 3.2007392092662283 2.9881843245372193 0.0063482456062076845 0.004632413403227466
19 3.6 0.36 88359.12076839367 73706.88633407281 3.2007392092662283 2.9881843245372193 0.0063482456062076845 0.004632413403227466
20 3.6 0.36 88359.12076839367 73706.88633407281 3.2007392092662283 2.9881843245372193 0.0063482456062076845 0.004632413403227466
21 3.6 0.36 88359.12076839367 73706.88633407281 3.2007392092662283 2.9881843245372193 0.0063482456062076845 0.004632413403227466
22 3.6 0.36 88359.12076839367 73706.88633407281 3.2007392092662283 2.9881843245372193 0.0063482456062076845 0.004632413403227466
23 3.6 0.36 88359.12076839367 73706.88633407281 3.2007392092662283 2.9881843245372193 0.0063482456062076845 0.004632413403227466
24 3.6 0.36 88359.12076839367 73706.88633407281 3.2007392092662283 2.9881843245372193 0.0063482456062076845 0.004632413403227466
25 3.6 0.36 88359.12076839367 73706.88633407281 3.2007392092662283 2.9881843245372193 0.0063482456062076845 0.004632413403227466
26 3.6 0.36 88359.12076839367 73706.88633407281 3.2007392092662283 2.9881843245372193 0.0063482456062076845 0.004632413403227466
27 3.6 0.36 88359.12076839367 73706.88633407281 3.2007392092662283 2.9881843245372193 0.0063482456062076845 0.004632413403227466
28 3.6 0.36 88716.4153670679 73706.88633407281 3.1968127080522897 2.9881843245372193 0.006328203795603051 0.004632413403227466
29 3.6 0.36 88479.34911795851 73706.88633407281 3.18339339889023 2.9881843245372193 0.00637894492083485 0.004632413403227466
30 3.6 0.36 88479.34911795851 73706.88633407281 3.18339339889023 2.9881843245372193 0.00637894492083485 0.004632413403227466
31 3.6 0.36 88479.34911795851 73706.88633407281 3.18339339889023 2.9881843245372193 0.00637894492083485 0.004632413403227466
32 3.6 0.36 88629.33882490122 73706.88633407281 3.1936353117301213 2.9881843245372193 0.0063524414726983764 0.004632413403227466
33 3.6 0.36 88629.33882490122 73706.88633407281 3.1936353117301213 2.9881843245372193 0.0063524414726983764 0.004632413403227466
34 3.6 0.36 88629.33882490122 73706.88633407281 3.1936353117301213 2.9881843245372193 0.0063524414726983764 0.004632413403227466
35 3.6 0.36 88629.33882490122 73706.88633407281 3.1936353117301213 2.9881843245372193 0.0063524414726983764 0.004632413403227466
36 3.6 0.36 88629.33882490122 73706.88633407281 3.1936353117301213 2.9881843245372193 0.0063524414726983764 0.004632413403227466
37 3.6 0.36 88629.33882490122 73706.88633407281 3.1936353117301213 2.9881843245372193 0.0063524414726983764 0.004632413403227466
38 3.6 0.36 88629.33882490122 73706.88633407281 3.1936353117301213 2.9881843245372193 0.0063524414726983764 0.004632413403227466
39 3.6 0.36 88629.33882490122 73706.88633407281 3.1936353117301213 2.9881843245372193 0.0063524414726983764 0.004632413403227466
40 3.6 0.36 88629.33882490122 73706.88633407281 3.1936353117301213 2.9881843245372193 0.0063524414726983764 0.004632413403227466
41 3.6 0.36 88576.10330989 73706.88633407281 3.186166092306773 2.9881843245372193 0.006378133038331722 0.004632413403227466
42 3.6 0.36 88576.10330989 73706.88633407281 3.186166092306773 2.9881843245372193 0.006378133038331722 0.004632413403227466
43 3.6 0.36 88576.10330989 73706.88633407281 3.186166092306773 2.9881843245372193 0.006378133038331722 0.004632413403227466
44 3.6 0.36 88576.10330989 73706.88633407281 3.186166092306773 2.9881843245372193 0.006378133038331722 0.004632413403227466
45 3.6 0.36 88987.9019468122 73706.88633407281 3.1795746293932314 2.9881843245372193 0.0063592936671507195 0.004632413403227466
46 3.6 0.36 88987.9019468122 73706.88633407281 3.1795746293932314 2.9881843245372193 0.0063592936671507195 0.004632413403227466
47 3.6 0.36 88987.9019468122 73706.88633407281 3.1795746293932314 2.9881843245372193 0.0063592936671507195 0.004632413403227466
48 3.6 0.36 88801.23053143547 73706.88633407281 3.173148665834657 2.9881843245372193 0.0063796894579854135 0.004632413403227466
49 3.6 0.36 88801.23053143547 73706.88633407281 3.173148665834657 2.9881843245372193 0.0063796894579854135 0.004632413403227466
