0 4.6 0.46 84584.57443972594 64997.84041936397 3.2404869476192095 2.909127462806594 0.005250128818815217 0.004588922404362338
1 4.6 0.46 84584.57443972594 64997.84041936397 3.2404869476192095 2.909127462806594 0.005250128818815217 0.004588922404362338
2 4.6 0.46 83631.53820722741 64997.84041936397 3.2244859671109656 2.909127462806594 0.005313898797543375 0.004588922404362338
3 4.6 0.46 83067.00736552272 64997.84041936397 3.232220693927476 2.909127462806594 0.005342378649559663 0.004588922404362338
4 4.6 0.46 83498.57241583733 64997.84041936397 3.2459968801970365 2.909127462806594 0.005304418405516044 0.004588922404362338
5 4.6 0.46 83633.79152973469 64997.84041936397 3.2356142461530455 2.909127462806594 0.005319795637205899 0.004588922404362338
6 4.6 0.46 83633.79152973469 64997.84041936397 3.2356142461530455 2.909127462806594 0.005319795637205899 0.004588922404362338
7 4.6 0.46 85319.04216670735 64997.84041936397 3.2218031304115184 2.909127462806594 0.005245132822890918 0.004588922404362338
8 4.6 0.46 85215.20216581975 64997.84041936397 3.223636902484919 2.909127462806594 0.0052513952080663765 0.004588922404362338
9 4.6 0.46 85455.93870420351 64997.84041936397 3.2180964934784337 2.909127462806594 0.005245686630360663 0.004588922404362338
10 4.6 0.46 85455.93870420351 64997.84041936397 3.2180964934784337 2.909127462806594 0.005245686630360663 0.004588922404362338
11 4.6 0.46 85471.92140015676 64997.84041936397 3.234658682950127 2.909127462806594 0.005227254576938554 0.004588922404362338
12 4.6 0.46 85471.92140015676 64997.84041936397 3.234658682950127 2.909127462806594 0.005227254576938554 0.004588922404362338
13 4.6 0.46 84704.19410548918 64997.84041936397 3.2507323723743977 2.909127462806594 0.005249371381975923 0.004588922404362338
14 4.6 0.46 84704.19410548918 64997.84041936397 3.2507323723743977 2.909127462806594 0.005249371381975923 0.004588922404362338
15 4.6 0.46 84704.19410548918 64997.84041936397 3.2507323723743977 2.909127462806594 0.005249371381975923 0.004588922404362338
16 4.6 0.46 84704.19410548918 64997.84041936397 3.2507323723743977 2.909127462806594 0.005249371381975923 0.004588922404362338
17 4.6 0.46 84704.19410548918 64997.84041936397 3.2507323723743977 2.909127462806594 0.005249371381975923 0.004588922404362338
18 4.6 0.46 84704.19410548918 64997.84041936397 3.2507323723743977 2.909127462806594 0.005249371381975923 0.004588922404362338
19 4.6 0.46 84704.19410548918 64997.84041936397 3.2507323723743977 2.909127462806594 0.005249371381975923 0.004588922404362338
20 4.6 0.46 84704.19410548918 64997.84041936397 3.2507323723743977 2.909127462806594 0.005249371381975923 0.004588922404362338
21 4.6 0.46 85010.95294042297 64997.84041936397 3.2503748808072928 2.909127462806594 0.005229146947361801 0.004588922404362338
22 4.6 0.46 85250.69133629253 64997.84041936397 3.247174482536541 2.909127462806594 0.005230303950879476 0.004588922404362338
23 4.6 0.46 85250.69133629253 64997.84041936397 3.247174482536541 2.909127462806594 0.005230303950879476 0.004588922404362338
24 4.6 0.46 85250.69133629253 64997.84041936397 3.247174482536541 2.909127462806594 0.005230303950879476 0.004588922404362338
25 4.6 0.46 85250.69133629253 64997.84041936397 3.247174482536541 2.909127462806594 0.005230303950879476 0.004588922404362338
26 4.6 0.46 85250.69133629253 64997.84041936397 3.247174482536541 2.909127462806594 0.005230303950879476 0.004588922404362338
27 4.6 0.46 85744.44695597963 64997.84041936397 3.242383975954677 2.909127462806594 0.005212547185800457 0.004588922404362338
28 4.6 0.46 86114.00441685201 64997.84041936397 3.2299673733459366 2.909127462806594 0.005204706078479853 0.004588922404362338
29 4.6 0.46 86132.53707565616 64997.84041936397 3.2319494277185092 2.909127462806594 0.005197211479580238 0.004588922404362338
30 4.6 0.46 86132.53707565616 64997.84041936397 3.2319494277185092 2.909127462806594 0.005197211479580238 0.004588922404362338
31 4.6 0.46 86145.45180750635 64997.84041936397 3.2291418070337934 2.909127462806594 0.005198998554144948 0.004588922404362338
32 4.6 0.46 86171.82184488856 64997.84041936397 3.2429356432629888 2.909127462806594 0.005169552737108333 0.004588922404362338
33 4.6 0.46 86171.82184488856 64997.84041936397 3.2429356432629888 2.909127462806594 0.005169552737108333 0.004588922404362338
34 4.6 0.46 85878.93232988416 64997.84041936397 3.2405999555276734 2.909127462806594 0.005190380713017294 0.004588922404362338
35 4.6 0.46 85878.93232988416 64997.84041936397 3.2405999555276734 2.909127462806594 0.005190380713017294 0.004588922404362338
36 4.6 0.46 85878.93232988416 64997.84041936397 3.2405999555276734 2.909127462806594 0.005190380713017294 0.004588922404362338
37 4.6 0.46 85939.49941206194 64997.84041936397 3.2396831492815474 2.909127462806594 0.005187073093531844 0.004588922404362338
38 4.6 0.46 85957.50432306218 64997.84041936397 3.2381628299782093 2.909127462806594 0.00518823001888702 0.004588922404362338
39 4.6 0.46 85993.19826391316 64997.84041936397 3.2657095001259777 2.909127462806594 0.005132861066755358 0.004588922404362338
40 4.6 0.46 85993.19826391316 64997.84041936397 3.2657095001259777 2.909127462806594 0.005132861066755358 0.004588922404362338
41 4.6 0.46 85993.19826391316 64997.84041936397 3.2657095001259777 2.909127462806594 0.005132861066755358 0.004588922404362338
42 4.6 0.46 86413.0686589104 64997.84041936397 3.2531586235866863 2.909127462806594 0.005126455204969793 0.004588922404362338
43 4.6 0.46 86413.0686589104 64997.84041936397 3.2531586235866863 2.909127462806594 0.005126455204969793 0.004588922404362338
44 4.6 0.46 86413.0686589104 64997.84041936397 3.2531586235866863 2.909127462806594 0.005126455204969793 0.004588922404362338
45 4.6 0.46 85682.49801385756 64997.84041936397 3.2386964289427502 2.909127462806594 0.005189780727488328 0.004588922404362338
46 4.6 0.46 84969.45652266506 64997.84041936397 3.243555588493055 2.909127462806594 0.0052194054257518685 0.004588922404362338
47 4.6 0.46 84723.09098655594 64997.84041936397 3.2434470655605883 2.909127462806594 0.005236221028934249 0.004588922404362338
48 4.6 0.46 84723.09098655594 64997.84041936397 3.2434470655605883 2.909127462806594 0.005236221028934249 0.004588922404362338
49 4.6 0.46 84723.09098655594 64997.84041936397 3.2434470655605883 2.909127462806594 0.005236221028934249 0.004588922404362338
