0 3.6 0.36 93313.37965328075 74096.30120171506 3.2161124993780494 2.9985185185185186 0.005829658752556508 0.004103641456582635
1 3.6 0.36 93313.37965328075 74096.30120171506 3.2161124993780494 2.9985185185185186 0.005829658752556508 0.004103641456582635
2 3.6 0.36 93313.37965328075 74096.30120171506 3.2161124993780494 2.9985185185185186 0.005829658752556508 0.004103641456582635
3 3.6 0.36 93313.37965328075 74096.30120171506 3.2161124993780494 2.9985185185185186 0.005829658752556508 0.004103641456582635
4 3.6 0.36 93313.37965328075 74096.30120171506 3.2161124993780494 2.9985185185185186 0.005829658752556508 0.004103641456582635
5 3.6 0.36 93313.37965328075 74096.30120171506 3.2161124993780494 2.9985185185185186 0.005829658752556508 0.004103641456582635
6 3.6 0.36 93346.5955537983 74096.30120171506 3.2146563767910745 2.9985185185185186 0.005833293774029278 0.004103641456582635
7 3.6 0.36 93957.73426726008 74096.30120171506 3.194552240924723 2.9985185185185186 0.005835120710100769 0.004103641456582635
8 3.6 0.36 93504.1385840345 74096.30120171506 3.183820800519182 2.9985185185185186 0.0058800774413998984 0.004103641456582635
9 3.6 0.36 93504.1385840345 74096.30120171506 3.183820800519182 2.9985185185185186 0.0058800774413998984 0.004103641456582635
10 3.6 0.36 93504.1385840345 74096.30120171506 3.183820800519182 2.9985185185185186 0.0058800774413998984 0.004103641456582635
11 3.6 0.36 93504.1385840345 74096.30120171506 3.183820800519182 2.9985185185185186 0.0058800774413998984 0.004103641456582635
12 3.6 0.36 93313.60171339373 74096.30120171506 3.187558253318651 2.9985185185185186 0.005883481474409194 0.004103641456582635
13 3.6 0.36 93313.60171339373 74096.30120171506 3.187558253318651 2.9985185185185186 0.005883481474409194 0.004103641456582635
14 3.6 0.36 93313.60171339373 74096.30120171506 3.187558253318651 2.9985185185185186 0.005883481474409194 0.004103641456582635
15 3.6 0.36 93313.60171339373 74096.30120171506 3.187558253318651 2.9985185185185186 0.005883481474409194 0.004103641456582635
16 3.6 0.36 93313.60171339373 74096.30120171506 3.187558253318651 2.9985185185185186 0.005883481474409194 0.004103641456582635
17 3.6 0.36 93188.83804074554 74096.30120171506 3.1805131524510473 2.9985185185185186 0.00590374517107513 0.004103641456582635
18 3.6 0.36 93188.83804074554 74096.30120171506 3.1805131524510473 2.9985185185185186 0.00590374517107513 0.004103641456582635
19 3.6 0.36 93188.83804074554 74096.30120171506 3.1805131524510473 2.9985185185185186 0.00590374517107513 0.004103641456582635
20 3.6 0.36 93188.83804074554 74096.30120171506 3.1805131524510473 2.9985185185185186 0.00590374517107513 0.004103641456582635
21 3.6 0.36 93188.83804074554 74096.30120171506 3.1805131524510473 2.9985185185185186 0.00590374517107513 0.004103641456582635
22 3.6 0.36 93188.83804074554 74096.30120171506 3.1805131524510473 2.9985185185185186 0.00590374517107513 0.004103641456582635
23 3.6 0.36 93188.83804074554 74096.30120171506 3.1805131524510473 2.9985185185185186 0.00590374517107513 0.004103641456582635
24 3.6 0.36 93188.83804074554 74096.30120171506 3.1805131524510473 2.9985185185185186 0.00590374517107513 0.004103641456582635
25 3.6 0.36 93188.83804074554 74096.30120171506 3.1805131524510473 2.9985185185185186 0.00590374517107513 0.004103641456582635
26 3.6 0.36 93188.83804074554 74096.30120171506 3.1805131524510473 2.9985185185185186 0.00590374517107513 0.004103641456582635
27 3.6 0.36 93936.05197930643 74096.30120171506 3.1729324145649254 2.9985185185185186 0.005864467475751598 0.004103641456582635
28 3.6 0.36 93936.05197930643 74096.30120171506 3.1729324145649254 2.9985185185185186 0.005864467475751598 0.004103641456582635
29 3.6 0.36 93698.68728484235 74096.30120171506 3.178320782067327 2.9985185185185186 0.005875852245746171 0.004103641456582635
30 3.6 0.36 93698.68728484235 74096.30120171506 3.178320782067327 2.9985185185185186 0.005875852245746171 0.004103641456582635
31 3.6 0.36 93276.06126390846 74096.30120171506 3.173061037567729 2.9985185185185186 0.0059111153794156775 0.004103641456582635
32 3.6 0.36 93276.06126390846 74096.30120171506 3.173061037567729 2.9985185185185186 0.0059111153794156775 0.004103641456582635
33 3.6 0.36 94062.7743731156 74096.30120171506 3.1654361323065228 2.9985185185185186 0.005881758441688771 0.004103641456582635
34 3.6 0.36 94062.7743731156 74096.30120171506 3.1654361323065228 2.9985185185185186 0.005881758441688771 0.004103641456582635
35 4.4 0.44 93986.89765941778 72060.23168637382 3.1640490737363245 2.869212962962963 0.005894898034734573 0.0045262323245672
36 4.4 0.44 94093.34568322757 72060.23168637382 3.1706942466741923 2.869212962962963 0.005877870790045943 0.0045262323245672
37 4.4 0.44 94093.34568322757 72060.23168637382 3.1706942466741923 2.869212962962963 0.005877870790045943 0.0045262323245672
38 4.4 0.44 94093.34568322757 72060.23168637382 3.1706942466741923 2.869212962962963 0.005877870790045943 0.0045262323245672
39 4.4 0.44 94093.34568322757 72060.23168637382 3.1706942466741923 2.869212962962963 0.005877870790045943 0.0045262323245672
40 4.4 0.44 94093.34568322757 72060.23168637382 3.1706942466741923 2.869212962962963 0.005877870790045943 0.0045262323245672
41 4.4 0.44 94093.34568322757 72060.23168637382 3.1706942466741923 2.869212962962963 0.005877870790045943 0.0045262323245672
42 4.4 0.44 94093.34568322757 72060.23168637382 3.1706942466741923 2.869212962962963 0.005877870790045943 0.0045262323245672
43 4.4 0.44 94093.34568322757 72060.23168637382 3.1706942466741923 2.869212962962963 0.005877870790045943 0.0045262323245672
44 4.4 0.44 94093.34568322757 72060.23168637382 3.1706942466741923 2.869212962962963 0.005877870790045943 0.0045262323245672
45 4.4 0.44 94093.34568322757 72060.23168637382 3.1706942466741923 2.869212962962963 0.005877870790045943 0.0045262323245672
46 4.4 0.44 94093.34568322757 72060.23168637382 3.1706942466741923 2.869212962962963 0.005877870790045943 0.0045262323245672
47 4.4 0.44 94093.34568322757 72060.23168637382 3.1706942466741923 2.869212962962963 0.005877870790045943 0.0045262323245672
48 4.4 0.44 94093.34568322757 72060.23168637382 3.1706942466741923 2.869212962962963 0.005877870790045943 0.0045262323245672
49 3.8 0.38 94241.00272852328 73003.63519933415 3.1481426624868587 2.902391975308642 0.00591933998095104 0.004486114519813477
