0 4.8 0.48 93080.6863579732 69753.854940254 3.125773705636694 2.657861635220126
1 4.8 0.48 92199.74292113408 69753.854940254 3.1544495115320528 2.657861635220126
2 4.8 0.48 92199.74292113408 69753.854940254 3.1544495115320528 2.657861635220126
3 4.8 0.48 92199.74292113408 69753.854940254 3.1544495115320528 2.657861635220126
4 4.8 0.48 92199.74292113408 69753.854940254 3.1544495115320528 2.657861635220126
5 4.8 0.48 92199.74292113408 69753.854940254 3.1544495115320528 2.657861635220126
6 4.8 0.48 92199.74292113408 69753.854940254 3.1544495115320528 2.657861635220126
7 4.8 0.48 92097.33044944415 69753.854940254 3.156136702564601 2.657861635220126
8 4.8 0.48 91979.74780842788 69753.854940254 3.160174830445759 2.657861635220126
9 4.8 0.48 91979.74780842788 69753.854940254 3.160174830445759 2.657861635220126
10 4.8 0.48 91979.74780842788 69753.854940254 3.160174830445759 2.657861635220126
11 4.8 0.48 91979.74780842788 69753.854940254 3.160174830445759 2.657861635220126
12 4.8 0.48 91979.74780842788 69753.854940254 3.160174830445759 2.657861635220126
13 4.8 0.48 92805.17760953198 69753.854940254 3.1375146092920985 2.657861635220126
14 4.8 0.48 92708.84383898707 69753.854940254 3.1437710666696317 2.657861635220126
15 4.8 0.48 92708.84383898707 69753.854940254 3.1437710666696317 2.657861635220126
16 4.8 0.48 92708.84383898707 69753.854940254 3.1437710666696317 2.657861635220126
17 4.8 0.48 92708.84383898707 69753.854940254 3.1437710666696317 2.657861635220126
18 4.8 0.48 92708.84383898707 69753.854940254 3.1437710666696317 2.657861635220126
19 4.8 0.48 92883.00737737073 69753.854940254 3.1369776878185776 2.657861635220126
20 4.8 0.48 92883.00737737073 69753.854940254 3.1369776878185776 2.657861635220126
21 4.8 0.48 92883.00737737073 69753.854940254 3.1369776878185776 2.657861635220126
22 4.8 0.48 92883.00737737073 69753.854940254 3.1369776878185776 2.657861635220126
23 4.8 0.48 92883.00737737073 69753.854940254 3.1369776878185776 2.657861635220126
24 4.8 0.48 92883.00737737073 69753.854940254 3.1369776878185776 2.657861635220126
25 4.8 0.48 92883.00737737073 69753.854940254 3.137098351498567 2.657861635220126
26 4.8 0.48 92662.05598272345 69753.854940254 3.1446883934851475 2.657861635220126
27 4.8 0.48 93068.96642205873 69753.854940254 3.1293795775600683 2.657861635220126
28 4.8 0.48 93068.96642205873 69753.854940254 3.1293795775600683 2.657861635220126
29 4.8 0.48 93068.96642205873 69753.854940254 3.1293795775600683 2.657861635220126
30 4.8 0.48 93068.96642205873 69753.854940254 3.1293795775600683 2.657861635220126
31 4.8 0.48 93068.96642205873 69753.854940254 3.1293795775600683 2.657861635220126
32 4.8 0.48 93068.96642205873 69753.854940254 3.1293795775600683 2.657861635220126
33 4.8 0.48 93076.56841608003 69753.854940254 3.1298044679109456 2.657861635220126
34 4.8 0.48 93076.56841608003 69753.854940254 3.1298044679109456 2.657861635220126
35 4.8 0.48 93076.56841608003 69753.854940254 3.1298044679109456 2.657861635220126
36 4.8 0.48 93076.56841608003 69753.854940254 3.1298044679109456 2.657861635220126
37 4.8 0.48 93076.56841608003 69753.854940254 3.1298044679109456 2.657861635220126
38 4.8 0.48 92838.84379019262 69753.854940254 3.137900316412886 2.657861635220126
39 4.8 0.48 92838.84379019262 69753.854940254 3.137900316412886 2.657861635220126
40 4.8 0.48 92838.84379019262 69753.854940254 3.137900316412886 2.657861635220126
41 4.8 0.48 92838.84379019262 69753.854940254 3.137900316412886 2.657861635220126
42 4.8 0.48 93148.52040651518 69753.854940254 3.127452638209178 2.657861635220126
43 4.8 0.48 93148.52040651518 69753.854940254 3.127452638209178 2.657861635220126
44 4.8 0.48 93148.52040651518 69753.854940254 3.127452638209178 2.657861635220126
45 4.8 0.48 93293.98563943834 69753.854940254 3.1233571776985394 2.657861635220126
46 4.8 0.48 93293.98563943834 69753.854940254 3.1233571776985394 2.657861635220126
47 4.8 0.48 93293.98563943834 69753.854940254 3.1233571776985394 2.657861635220126
48 4.8 0.48 93293.98563943834 69753.854940254 3.1233571776985394 2.657861635220126
49 4.8 0.48 93293.98563943834 69753.854940254 3.1233571776985394 2.657861635220126
