0 3.4 0.34 92603.18616829505 76283.58531806296 3.10987559095342 2.970727507533362 0.005783163956597955 0.005072757802479865
1 3.4 0.34 92603.18616829505 76283.58531806296 3.10987559095342 2.970727507533362 0.005783163956597955 0.005072757802479865
2 2.6 0.26 92897.26774938166 85106.0327506614 3.118505661689962 3.22962962962963 0.005736679739599193 0.0036782312925170086
3 2.6 0.26 92897.26774938166 85106.0327506614 3.118505661689962 3.22962962962963 0.005736679739599193 0.0036782312925170086
4 2.6 0.26 92897.26774938166 85106.0327506614 3.118505661689962 3.22962962962963 0.005736679739599193 0.0036782312925170086
5 2.6 0.26 92897.26774938166 85106.0327506614 3.118505661689962 3.22962962962963 0.005736679739599193 0.0036782312925170086
6 2.6 0.26 92519.45952824056 85106.0327506614 3.129067364912028 3.22962962962963 0.005744132123974301 0.0036782312925170086
7 2.6 0.26 92519.45952824056 85106.0327506614 3.129067364912028 3.22962962962963 0.005744132123974301 0.0036782312925170086
8 2.6 0.26 92519.45952824056 85106.0327506614 3.129067364912028 3.22962962962963 0.005744132123974301 0.0036782312925170086
9 2.6 0.26 91756.19988698808 85106.0327506614 3.137119859803417 3.22962962962963 0.0057762775475260165 0.0036782312925170086
10 2.6 0.26 91756.19988698808 85106.0327506614 3.137119859803417 3.22962962962963 0.0057762775475260165 0.0036782312925170086
11 2.6 0.26 91580.7909051484 85106.0327506614 3.104803102539365 3.22962962962963 0.005858365088175511 0.0036782312925170086
12 2.6 0.26 91580.7909051484 85106.0327506614 3.104803102539365 3.22962962962963 0.005858365088175511 0.0036782312925170086
13 2.6 0.26 92141.29275188726 85106.0327506614 3.1021079551451094 3.22962962962963 0.005829217967083183 0.0036782312925170086
14 2.6 0.26 92141.29275188726 85106.0327506614 3.1021079551451094 3.22962962962963 0.005829217967083183 0.0036782312925170086
15 2.6 0.26 92492.76163337524 85106.0327506614 3.12625810822566 3.22962962962963 0.005760281147230618 0.0036782312925170086
16 2.6 0.26 92492.76163337524 85106.0327506614 3.12625810822566 3.22962962962963 0.005760281147230618 0.0036782312925170086
17 2.6 0.26 92492.76163337524 85106.0327506614 3.12625810822566 3.22962962962963 0.005760281147230618 0.0036782312925170086
18 2.6 0.26 92492.76163337524 85106.0327506614 3.12625810822566 3.22962962962963 0.005760281147230618 0.0036782312925170086
19 4.8 0.48 92640.14947436744 74871.33536288398 3.1085420995323676 2.8052313883299798 0.0057936008818795515 0.0051000873676636865
20 4.8 0.48 92640.14947436744 74871.33536288398 3.1085420995323676 2.8052313883299798 0.0057936008818795515 0.0051000873676636865
21 4.8 0.48 92640.14947436744 74871.33536288398 3.1085420995323676 2.8052313883299798 0.0057936008818795515 0.0051000873676636865
22 4.8 0.48 92721.5624739219 77313.72534951796 3.107764045380686 2.7818897637795277 0.005779857767375873 0.004687793932553329
23 4.8 0.48 92721.5624739219 77313.72534951796 3.107764045380686 2.7818897637795277 0.005779857767375873 0.004687793932553329
24 4.8 0.48 92721.5624739219 77313.72534951796 3.107764045380686 2.7818897637795277 0.005779857767375873 0.004687793932553329
25 4.8 0.48 92721.5624739219 77313.72534951796 3.107764045380686 2.7818897637795277 0.005779857767375873 0.004687793932553329
26 4.8 0.48 92656.5558243692 75363.52586293693 3.107465638194306 2.7729375481881267 0.005772244099082377 0.004459383883748451
27 4.8 0.48 92656.5558243692 75363.52586293693 3.107465638194306 2.7729375481881267 0.005772244099082377 0.004459383883748451
28 4.8 0.48 93012.1719149605 75363.52586293693 3.1061960459074545 2.7729375481881267 0.005749504356913853 0.004459383883748451
29 4.8 0.48 93012.1719149605 75363.52586293693 3.1061960459074545 2.7729375481881267 0.005749504356913853 0.004459383883748451
30 4.8 0.48 93012.1719149605 75363.52586293693 3.1061960459074545 2.7729375481881267 0.005749504356913853 0.004459383883748451
31 4.8 0.48 93632.8723651483 75363.52586293693 3.1094274066606404 2.7729375481881267 0.00570883704843066 0.004459383883748451
32 4.8 0.48 93632.8723651483 75363.52586293693 3.1094274066606404 2.7729375481881267 0.00570883704843066 0.004459383883748451
33 4.8 0.48 93632.8723651483 75363.52586293693 3.1094274066606404 2.7729375481881267 0.00570883704843066 0.004459383883748451
34 4.8 0.48 93099.0042637641 75363.52586293693 3.1038012537604565 2.7729375481881267 0.0057595067298577525 0.004459383883748451
35 4.8 0.48 92823.69919733584 75363.52586293693 3.106634211561473 2.7729375481881267 0.005774839587926847 0.004459383883748451
36 4.8 0.48 92823.69919733584 75363.52586293693 3.106634211561473 2.7729375481881267 0.005774839587926847 0.004459383883748451
37 4.8 0.48 92823.69919733584 75363.52586293693 3.106634211561473 2.7729375481881267 0.005774839587926847 0.004459383883748451
38 4.8 0.48 92733.47242684838 72656.72274831335 3.107861880790177 2.809767625049232 0.005784794890613013 0.0047580429643334365
39 4.8 0.48 92566.28469971412 76699.14441076313 3.1057475470298175 2.8017740069417663 0.005803907097310272 0.004601940834858743
40 4.8 0.48 92566.28469971412 76699.14441076313 3.1057475470298175 2.8017740069417663 0.005803907097310272 0.004601940834858743
41 4.8 0.48 92566.28469971412 76699.14441076313 3.1057475470298175 2.8017740069417663 0.005803907097310272 0.004601940834858743
42 4.8 0.48 92759.26340271192 76699.14441076313 3.1112101497813067 2.8017740069417663 0.0057689506001847475 0.004601940834858743
43 4.8 0.48 93230.57666983572 76699.14441076313 3.099410124554272 2.8017740069417663 0.0057571228721431085 0.004601940834858743
44 4.8 0.48 93230.57666983572 76699.14441076313 3.099410124554272 2.8017740069417663 0.0057571228721431085 0.004601940834858743
45 4.8 0.48 93230.57666983572 76699.14441076313 3.099410124554272 2.8017740069417663 0.0057571228721431085 0.004601940834858743
46 4.8 0.48 93230.57666983572 76699.14441076313 3.099410124554272 2.8017740069417663 0.0057571228721431085 0.004601940834858743
47 4.8 0.48 93549.57944228007 76699.14441076313 3.1019649360879566 2.8017740069417663 0.005733758798410342 0.004601940834858743
48 4.8 0.48 93549.57944228007 76699.14441076313 3.1019649360879566 2.8017740069417663 0.005733758798410342 0.004601940834858743
49 4.8 0.48 93646.74413571147 76699.14441076313 3.1112111987020947 2.8017740069417663 0.005703126191126914 0.004601940834858743
