0 3.4 0.34 86523.48235333474 74722.39805514501 3.0934044190328427 3.027037037037037 0.007977057398265758 0.004002040816326533
1 3.2 0.32 86444.6265050228 72356.72260578682 3.0956981530184007 3.0958490566037735 0.007980820625778986 0.004114937641723358
2 3.2 0.32 86387.62141697622 72356.72260578682 3.107884073484993 3.0958490566037735 0.007936868113230527 0.004114937641723358
3 3.2 0.32 86387.62141697622 72356.72260578682 3.107884073484993 3.0958490566037735 0.007936868113230527 0.004114937641723358
4 3.2 0.32 86387.62141697622 72356.72260578682 3.107884073484993 3.0958490566037735 0.007936868113230527 0.004114937641723358
5 3.2 0.32 86387.62141697622 72356.72260578682 3.107884073484993 3.0958490566037735 0.007936868113230527 0.004114937641723358
6 3.2 0.32 86387.62141697622 72356.72260578682 3.107884073484993 3.0958490566037735 0.007936868113230527 0.004114937641723358
7 3.2 0.32 86387.62141697622 72356.72260578682 3.107884073484993 3.0958490566037735 0.007936868113230527 0.004114937641723358
8 3.2 0.32 86387.62141697622 72356.72260578682 3.107884073484993 3.0958490566037735 0.007936868113230527 0.004114937641723358
9 3.2 0.32 86947.71497438192 72356.72260578682 3.1038527333954056 3.0958490566037735 0.00788724960919885 0.004114937641723358
10 3.2 0.32 87021.68546842701 72356.72260578682 3.1007473737547424 3.0958490566037735 0.007889473830937223 0.004114937641723358
11 3.2 0.32 87021.68546842701 72356.72260578682 3.1007473737547424 3.0958490566037735 0.007889473830937223 0.004114937641723358
12 3.2 0.32 87021.68546842701 72356.72260578682 3.1007473737547424 3.0958490566037735 0.007889473830937223 0.004114937641723358
13 3.2 0.32 87021.68546842701 72356.72260578682 3.1007473737547424 3.0958490566037735 0.007889473830937223 0.004114937641723358
14 3.2 0.32 87021.68546842701 72356.72260578682 3.1007473737547424 3.0958490566037735 0.007889473830937223 0.004114937641723358
15 3.4 0.34 87152.14155493645 76270.40520106911 3.090164365512358 2.7783588093322606 0.007924639897445674 0.005169919636976888
16 3.4 0.34 87152.14155493645 76270.40520106911 3.090164365512358 2.7783588093322606 0.007924639897445674 0.005169919636976888
17 3.4 0.34 87152.14155493645 76270.40520106911 3.090164365512358 2.7783588093322606 0.007924639897445674 0.005169919636976888
18 3.4 0.34 85911.26260370496 76270.40520106911 3.12585582096113 2.7783588093322606 0.007952767373881054 0.005169919636976888
19 3.4 0.34 86139.70729562812 76270.40520106911 3.1472302210479253 2.7783588093322606 0.007850287186230384 0.005169919636976888
20 3.4 0.34 86160.13109476786 76270.40520106911 3.146830398259366 2.7783588093322606 0.0078510562276971 0.005169919636976888
21 3.4 0.34 86274.4694383517 76270.40520106911 3.142777061462073 2.7783588093322606 0.007847207279584063 0.005169919636976888
22 3.4 0.34 86175.73949060979 76270.40520106911 3.136510896226377 2.7783588093322606 0.007886281209684452 0.005169919636976888
23 3.4 0.34 86175.73949060979 76270.40520106911 3.136510896226377 2.7783588093322606 0.007886281209684452 0.005169919636976888
24 3.4 0.34 86175.73949060979 76270.40520106911 3.136510896226377 2.7783588093322606 0.007886281209684452 0.005169919636976888
25 3.4 0.34 86175.73949060979 76270.40520106911 3.136510896226377 2.7783588093322606 0.007886281209684452 0.005169919636976888
26 3.4 0.34 86175.73949060979 76270.40520106911 3.136510896226377 2.7783588093322606 0.007886281209684452 0.005169919636976888
27 3.4 0.34 87092.30220697577 76270.40520106911 3.106725013861813 2.7783588093322606 0.007890730541545701 0.005169919636976888
28 3.4 0.34 87263.25511996748 76270.40520106911 3.1206786167719964 2.7783588093322606 0.00781363076785734 0.005169919636976888
29 3.4 0.34 87263.25511996748 76270.40520106911 3.1206786167719964 2.7783588093322606 0.00781363076785734 0.005169919636976888
30 3.4 0.34 87263.25511996748 76270.40520106911 3.1206786167719964 2.7783588093322606 0.00781363076785734 0.005169919636976888
31 3.4 0.34 87263.25511996748 76270.40520106911 3.1206786167719964 2.7783588093322606 0.00781363076785734 0.005169919636976888
32 3.4 0.34 87427.48730541662 76270.40520106911 3.1208510720999483 2.7783588093322606 0.007780092869400817 0.005169919636976888
33 3.4 0.34 87427.48730541662 76270.40520106911 3.1208510720999483 2.7783588093322606 0.007780092869400817 0.005169919636976888
34 3.4 0.34 87427.48730541662 76270.40520106911 3.1208510720999483 2.7783588093322606 0.007780092869400817 0.005169919636976888
35 3.4 0.34 88027.89323297722 76270.40520106911 3.1205485817818683 2.7783588093322606 0.007699677979952535 0.005169919636976888
36 3.4 0.34 88027.89323297722 76270.40520106911 3.1205485817818683 2.7783588093322606 0.007699677979952535 0.005169919636976888
37 3.4 0.34 88027.89323297722 76270.40520106911 3.1205485817818683 2.7783588093322606 0.007699677979952535 0.005169919636976888
38 3.4 0.34 88027.89323297722 76270.40520106911 3.1205485817818683 2.7783588093322606 0.007699677979952535 0.005169919636976888
39 3.4 0.34 88027.89323297722 76270.40520106911 3.1205485817818683 2.7783588093322606 0.007699677979952535 0.005169919636976888
40 3.4 0.34 88027.89323297722 76270.40520106911 3.1205485817818683 2.7783588093322606 0.007699677979952535 0.005169919636976888
41 3.4 0.34 88027.89323297722 76270.40520106911 3.1205485817818683 2.7783588093322606 0.007699677979952535 0.005169919636976888
42 3.4 0.34 88027.89323297722 76270.40520106911 3.1205485817818683 2.7783588093322606 0.007699677979952535 0.005169919636976888
43 3.4 0.34 88082.36767285682 76270.40520106911 3.1044118794658417 2.7783588093322606 0.007745515735331605 0.005169919636976888
44 3.4 0.34 88627.15537043117 76270.40520106911 3.104963968304724 2.7783588093322606 0.007685765017285708 0.005169919636976888
45 3.4 0.34 88627.15537043117 76270.40520106911 3.104963968304724 2.7783588093322606 0.007685765017285708 0.005169919636976888
46 3.4 0.34 88993.01127827207 76270.40520106911 3.1019112390397856 2.7783588093322606 0.007648819195338967 0.005169919636976888
47 3.4 0.34 89546.01811720914 76270.40520106911 3.0945089513119624 2.7783588093322606 0.007604096218847654 0.005169919636976888
48 3.4 0.34 89546.01811720914 76270.40520106911 3.0945089513119624 2.7783588093322606 0.007604096218847654 0.005169919636976888
49 3.4 0.34 89437.80909383361 76270.40520106911 3.092030789499254 2.7783588093322606 0.007636460425853975 0.005169919636976888
