0 4.8 0.48 84717.56307669364 63061.90683195407 3.1862900020655878 2.85570987654321 0.0063224057863247715 0.004156645081714464
1 4.8 0.48 84717.56307669364 63061.90683195407 3.1862900020655878 2.85570987654321 0.0063224057863247715 0.004156645081714464
2 4.8 0.48 84717.56307669364 63061.90683195407 3.1862900020655878 2.85570987654321 0.0063224057863247715 0.004156645081714464
3 4.8 0.48 84717.56307669364 63061.90683195407 3.1862900020655878 2.85570987654321 0.0063224057863247715 0.004156645081714464
4 4.8 0.48 84717.56307669364 63061.90683195407 3.1862900020655878 2.85570987654321 0.0063224057863247715 0.004156645081714464
5 4.8 0.48 85165.91290400627 72686.11875198307 3.199035963115693 2.8272271500192825 0.006286566882668268 0.004449819705865697
6 4.8 0.48 85165.91290400627 72686.11875198307 3.199035963115693 2.8272271500192825 0.006286566882668268 0.004449819705865697
7 4.8 0.48 85165.91290400627 72686.11875198307 3.199035963115693 2.8272271500192825 0.006286566882668268 0.004449819705865697
8 4.8 0.48 85165.91290400627 72686.11875198307 3.199035963115693 2.8272271500192825 0.006286566882668268 0.004449819705865697
9 4.8 0.48 85205.56803150497 72686.11875198307 3.187001746827231 2.8272271500192825 0.0063062235423893805 0.004449819705865697
10 4.8 0.48 85205.56803150497 72686.11875198307 3.187001746827231 2.8272271500192825 0.0063062235423893805 0.004449819705865697
11 4.8 0.48 84762.13514395193 72686.11875198307 3.1948506071769036 2.8272271500192825 0.006337377120120371 0.004449819705865697
12 4.8 0.48 84763.55400548228 72686.11875198307 3.1948506071769036 2.8272271500192825 0.006336570798559332 0.004449819705865697
13 4.8 0.48 84763.55400548228 72686.11875198307 3.1948506071769036 2.8272271500192825 0.006336570798559332 0.004449819705865697
14 4.8 0.48 84763.55400548228 72686.11875198307 3.1948506071769036 2.8272271500192825 0.006336570798559332 0.004449819705865697
15 4.8 0.48 84763.55400548228 72686.11875198307 3.1948506071769036 2.8272271500192825 0.006336570798559332 0.004449819705865697
16 4.8 0.48 84763.55400548228 72686.11875198307 3.1948506071769036 2.8272271500192825 0.006336570798559332 0.004449819705865697
17 2.6 0.26 84579.74634531589 67117.81516746708 3.2111802940538996 3.189221085759245 0.006323676935590621 0.00436007993494448
18 2.6 0.26 84579.74634531589 67117.81516746708 3.2111802940538996 3.189221085759245 0.006323676935590621 0.00436007993494448
19 2.6 0.26 84579.74634531589 67117.81516746708 3.2111802940538996 3.189221085759245 0.006323676935590621 0.00436007993494448
20 2.6 0.26 84253.70124791811 67117.81516746708 3.208552180820576 3.189221085759245 0.006354414084620452 0.00436007993494448
21 2.6 0.26 84253.70124791811 67117.81516746708 3.208552180820576 3.189221085759245 0.006354414084620452 0.00436007993494448
22 2.6 0.26 84253.70124791811 67117.81516746708 3.208552180820576 3.189221085759245 0.006354414084620452 0.00436007993494448
23 2.6 0.26 84425.09694911512 67117.81516746708 3.206882165760543 3.189221085759245 0.006338871244560092 0.00436007993494448
24 2.6 0.26 85778.23134182925 67117.81516746708 3.2169118360467555 3.189221085759245 0.00622784977106129 0.00436007993494448
25 2.6 0.26 85778.23134182925 67117.81516746708 3.2169118360467555 3.189221085759245 0.00622784977106129 0.00436007993494448
26 2.6 0.26 85778.23134182925 67117.81516746708 3.2169118360467555 3.189221085759245 0.00622784977106129 0.00436007993494448
27 2.6 0.26 85778.23134182925 67117.81516746708 3.2169118360467555 3.189221085759245 0.00622784977106129 0.00436007993494448
28 2.6 0.26 85778.23134182925 67117.81516746708 3.2169118360467555 3.189221085759245 0.00622784977106129 0.00436007993494448
29 2.6 0.26 85778.23134182925 67117.81516746708 3.2169118360467555 3.189221085759245 0.00622784977106129 0.00436007993494448
30 2.6 0.26 85778.23134182925 67117.81516746708 3.2169118360467555 3.189221085759245 0.00622784977106129 0.00436007993494448
31 2.6 0.26 85778.23134182925 67117.81516746708 3.2169118360467555 3.189221085759245 0.00622784977106129 0.00436007993494448
32 2.6 0.26 85778.23134182925 67117.81516746708 3.2169118360467555 3.189221085759245 0.00622784977106129 0.00436007993494448
33 2.6 0.26 85778.23134182925 67117.81516746708 3.2169118360467555 3.189221085759245 0.00622784977106129 0.00436007993494448
34 2.6 0.26 85778.23134182925 67117.81516746708 3.2169118360467555 3.189221085759245 0.00622784977106129 0.00436007993494448
35 2.8 0.28 85983.42534783571 73273.63534766123 3.2160530634762727 3.1634579086447716 0.0062170537125830405 0.004036198180597007
36 2.8 0.28 85983.42534783571 73273.63534766123 3.2160530634762727 3.1634579086447716 0.0062170537125830405 0.004036198180597007
37 2.8 0.28 85732.19004881405 73273.63534766123 3.2238214068790767 3.1634579086447716 0.00621595970714048 0.004036198180597007
38 2.8 0.28 85732.19004881405 73273.63534766123 3.2238214068790767 3.1634579086447716 0.00621595970714048 0.004036198180597007
39 2.8 0.28 85712.03955521509 73273.63534766123 3.2251457716049137 3.1634579086447716 0.0062097618766532294 0.004036198180597007
40 2.8 0.28 85712.03955521509 73273.63534766123 3.2251457716049137 3.1634579086447716 0.0062097618766532294 0.004036198180597007
41 2.8 0.28 85712.03955521509 73273.63534766123 3.2251457716049137 3.1634579086447716 0.0062097618766532294 0.004036198180597007
42 2.8 0.28 85712.03955521509 73273.63534766123 3.2251457716049137 3.1634579086447716 0.0062097618766532294 0.004036198180597007
43 2.8 0.28 85591.48467166086 73273.63534766123 3.2242531953502143 3.1634579086447716 0.006218900650446999 0.004036198180597007
44 2.8 0.28 85591.48467166086 73273.63534766123 3.2242531953502143 3.1634579086447716 0.006218900650446999 0.004036198180597007
45 2.8 0.28 86537.78877293994 73273.63534766123 3.214815418952468 3.1634579086447716 0.006156600985456887 0.004036198180597007
46 2.8 0.28 86537.78877293994 73273.63534766123 3.214815418952468 3.1634579086447716 0.006156600985456887 0.004036198180597007
47 2.8 0.28 86511.52767657732 73273.63534766123 3.215378799234158 3.1634579086447716 0.0061546203952410035 0.004036198180597007
48 2.8 0.28 86724.75903419504 73273.63534766123 3.212707418585091 3.1634579086447716 0.006144030564846082 0.004036198180597007
49 2.8 0.28 86724.75903419504 73273.63534766123 3.212707418585091 3.1634579086447716 0.006144030564846082 0.004036198180597007
