0 17.8 1.78 72403.77295716977 56265.15543985512 2.161107695481094 2.15993265993266 0.004569210910409257 0.00460645474122563
1 17.8 1.78 72080.56305513 56265.15543985512 2.1639759492381576 2.15993265993266 0.004582436084411835 0.00460645474122563
2 17.8 1.78 71863.61408206614 56265.15543985512 2.165519688517746 2.15993265993266 0.004592322980392372 0.00460645474122563
3 17.8 1.78 71936.16747445721 56265.15543985512 2.17005786867321 2.15993265993266 0.004576580511819714 0.00460645474122563
4 17.8 1.78 71936.16747445721 56265.15543985512 2.17005786867321 2.15993265993266 0.004576580511819714 0.00460645474122563
5 17.8 1.78 71936.16747445721 56265.15543985512 2.17005786867321 2.15993265993266 0.004576580511819714 0.00460645474122563
6 17.8 1.78 71936.16747445721 56265.15543985512 2.17005786867321 2.15993265993266 0.004576580511819714 0.00460645474122563
7 17.8 1.78 72189.64593612743 56265.15543985512 2.17338218646876 2.15993265993266 0.0045527715807668605 0.00460645474122563
8 17.8 1.78 72189.64593612743 56265.15543985512 2.17338218646876 2.15993265993266 0.0045527715807668605 0.00460645474122563
9 17.8 1.78 72189.64593612743 56265.15543985512 2.17338218646876 2.15993265993266 0.0045527715807668605 0.00460645474122563
10 17.8 1.78 72189.64593612743 56265.15543985512 2.17338218646876 2.15993265993266 0.0045527715807668605 0.00460645474122563
11 17.8 1.78 72189.64593612743 56265.15543985512 2.17338218646876 2.15993265993266 0.0045527715807668605 0.00460645474122563
12 17.8 1.78 72189.64593612743 56265.15543985512 2.17338218646876 2.15993265993266 0.0045527715807668605 0.00460645474122563
13 17.8 1.78 71882.21501364834 56265.15543985512 2.1720013811571373 2.15993265993266 0.004575628090119855 0.00460645474122563
14 17.8 1.78 71882.21501364834 56265.15543985512 2.1720013811571373 2.15993265993266 0.004575628090119855 0.00460645474122563
15 17.8 1.78 71882.21501364834 56265.15543985512 2.1720013811571373 2.15993265993266 0.004575628090119855 0.00460645474122563
16 17.8 1.78 71882.21501364834 56265.15543985512 2.1720013811571373 2.15993265993266 0.004575628090119855 0.00460645474122563
17 17.8 1.78 71882.21501364834 56265.15543985512 2.1720013811571373 2.15993265993266 0.004575628090119855 0.00460645474122563
18 17.8 1.78 71882.21501364834 56265.15543985512 2.1720013811571373 2.15993265993266 0.004575628090119855 0.00460645474122563
19 17.8 1.78 71882.21501364834 56265.15543985512 2.1720013811571373 2.15993265993266 0.004575628090119855 0.00460645474122563
20 17.8 1.78 71882.21501364834 56265.15543985512 2.1720013811571373 2.15993265993266 0.004575628090119855 0.00460645474122563
21 17.8 1.78 71882.21501364834 56265.15543985512 2.1720013811571373 2.15993265993266 0.004575628090119855 0.00460645474122563
22 17.8 1.78 71882.21501364834 56265.15543985512 2.1720013811571373 2.15993265993266 0.004575628090119855 0.00460645474122563
23 17.8 1.78 71882.21501364834 56265.15543985512 2.1720013811571373 2.15993265993266 0.004575628090119855 0.00460645474122563
24 17.8 1.78 71882.21501364834 56265.15543985512 2.1720013811571373 2.15993265993266 0.004575628090119855 0.00460645474122563
25 17.8 1.78 71882.21501364834 56265.15543985512 2.1720013811571373 2.15993265993266 0.004575628090119855 0.00460645474122563
26 17.8 1.78 71882.21501364834 56265.15543985512 2.1720013811571373 2.15993265993266 0.004575628090119855 0.00460645474122563
27 17.8 1.78 71635.74072790811 56265.15543985512 2.1695578741593318 2.15993265993266 0.004599492391995965 0.00460645474122563
28 17.8 1.78 71635.74072790811 56265.15543985512 2.1695578741593318 2.15993265993266 0.004599492391995965 0.00460645474122563
29 17.8 1.78 71635.74072790811 56265.15543985512 2.1695578741593318 2.15993265993266 0.004599492391995965 0.00460645474122563
30 17.8 1.78 71635.74072790811 56265.15543985512 2.1695578741593318 2.15993265993266 0.004599492391995965 0.00460645474122563
31 17.8 1.78 71635.74072790811 56265.15543985512 2.1695578741593318 2.15993265993266 0.004599492391995965 0.00460645474122563
32 17.8 1.78 71499.08101354544 56265.15543985512 2.16788305468577 2.15993265993266 0.004609997409283571 0.00460645474122563
33 17.8 1.78 71499.08101354544 56265.15543985512 2.1679645827547196 2.15993265993266 0.004609504502216269 0.00460645474122563
34 17.8 1.78 71312.71750775594 56265.15543985512 2.1627976874643675 2.15993265993266 0.0046320919743747645 0.00460645474122563
35 17.8 1.78 71312.71750775594 56265.15543985512 2.1627976874643675 2.15993265993266 0.0046320919743747645 0.00460645474122563
36 17.8 1.78 71312.71750775594 56265.15543985512 2.1627976874643675 2.15993265993266 0.0046320919743747645 0.00460645474122563
37 17.8 1.78 71368.44633509332 56265.15543985512 2.159736467296229 2.15993265993266 0.0046384067660654145 0.00460645474122563
38 17.8 1.78 71368.44633509332 56265.15543985512 2.159736467296229 2.15993265993266 0.0046384067660654145 0.00460645474122563
39 19.2 1.92 71456.98755952573 58921.39217282733 2.1609119538176276 2.195197255574614 0.004629473539851566 0.004338457954810156
40 19.2 1.92 71456.98755952573 58921.39217282733 2.1609119538176276 2.195197255574614 0.004629473539851566 0.004338457954810156
41 19.2 1.92 71456.98755952573 58921.39217282733 2.1609119538176276 2.195197255574614 0.004629473539851566 0.004338457954810156
42 19.2 1.92 71456.98755952573 58921.39217282733 2.1609119538176276 2.195197255574614 0.004629473539851566 0.004338457954810156
43 19.2 1.92 71456.98755952573 58921.39217282733 2.1609119538176276 2.195197255574614 0.004629473539851566 0.004338457954810156
44 19.2 1.92 71456.98755952573 58921.39217282733 2.1609119538176276 2.195197255574614 0.004629473539851566 0.004338457954810156
45 19.2 1.92 71456.98755952573 58921.39217282733 2.1609119538176276 2.195197255574614 0.004629473539851566 0.004338457954810156
46 19.2 1.92 71456.98755952573 58921.39217282733 2.1609119538176276 2.195197255574614 0.004629473539851566 0.004338457954810156
47 19.2 1.92 71456.98755952573 58921.39217282733 2.1609119538176276 2.195197255574614 0.004629473539851566 0.004338457954810156
48 19.2 1.92 71266.28335830443 58921.39217282733 2.163975511202173 2.195197255574614 0.004633637848331925 0.004338457954810156
49 19.2 1.92 71266.28335830443 58921.39217282733 2.163975511202173 2.195197255574614 0.004633637848331925 0.004338457954810156
