0 30.4 3.04 68840.67784485333 51767.289290585395 1.9929636100111288 2.0303030303030303 0.005269902606889209 0.005091344713986222
1 30.4 3.04 68869.76951429577 51767.289290585395 1.9918973922782448 2.0303030303030303 0.005270139760289514 0.005091344713986222
2 30.4 3.04 68869.76951429577 51767.289290585395 1.9918973922782448 2.0303030303030303 0.005270139760289514 0.005091344713986222
3 30.4 3.04 68869.76951429577 51767.289290585395 1.9918973922782448 2.0303030303030303 0.005270139760289514 0.005091344713986222
4 30.4 3.04 68869.76951429577 51767.289290585395 1.9918973922782448 2.0303030303030303 0.005270139760289514 0.005091344713986222
5 30.4 3.04 68869.76951429577 51767.289290585395 1.9918973922782448 2.0303030303030303 0.005270139760289514 0.005091344713986222
6 30.4 3.04 68869.76951429577 51767.289290585395 1.9918973922782448 2.0303030303030303 0.005270139760289514 0.005091344713986222
7 30.4 3.04 68869.76951429577 51767.289290585395 1.9918973922782448 2.0303030303030303 0.005270139760289514 0.005091344713986222
8 30.4 3.04 68881.55839746991 51767.289290585395 1.9912688849830709 2.0303030303030303 0.0052707061177432795 0.005091344713986222
9 30.4 3.04 68881.55839746991 51767.289290585395 1.9912688849830709 2.0303030303030303 0.0052707061177432795 0.005091344713986222
10 30.4 3.04 68663.19239041714 51767.289290585395 1.9911790982266175 2.0303030303030303 0.005283690580104978 0.005091344713986222
11 30.4 3.04 68663.19239041714 51767.289290585395 1.9911790982266175 2.0303030303030303 0.005283690580104978 0.005091344713986222
12 30.4 3.04 68663.19239041714 51767.289290585395 1.9911790982266175 2.0303030303030303 0.005283690580104978 0.005091344713986222
13 30.4 3.04 68663.19239041714 51767.289290585395 1.9911790982266175 2.0303030303030303 0.005283690580104978 0.005091344713986222
14 30.4 3.04 68595.20519604509 51767.289290585395 1.9916617020425547 2.0303030303030303 0.005286037780340768 0.005091344713986222
15 30.4 3.04 68595.20519604509 51767.289290585395 1.9916617020425547 2.0303030303030303 0.005286037780340768 0.005091344713986222
16 30.4 3.04 68595.20519604509 51767.289290585395 1.9916617020425547 2.0303030303030303 0.005286037780340768 0.005091344713986222
17 30.4 3.04 68588.54597328887 51767.289290585395 1.99214663523189 2.0303030303030303 0.005287152204142506 0.005091344713986222
18 30.4 3.04 68588.54597328887 51767.289290585395 1.99214663523189 2.0303030303030303 0.005287152204142506 0.005091344713986222
19 30.4 3.04 68893.11006441843 51767.289290585395 1.9907898575788159 2.0303030303030303 0.005264693500681346 0.005091344713986222
20 30.4 3.04 68893.11006441843 51767.289290585395 1.9907898575788159 2.0303030303030303 0.005264693500681346 0.005091344713986222
21 30.4 3.04 68904.32568610116 51767.289290585395 1.990509273964899 2.0303030303030303 0.005266479353620239 0.005091344713986222
22 30.4 3.04 68904.32568610116 51767.289290585395 1.990509273964899 2.0303030303030303 0.005266479353620239 0.005091344713986222
23 30.4 3.04 68904.32568610116 51767.289290585395 1.990509273964899 2.0303030303030303 0.005266479353620239 0.005091344713986222
24 30.4 3.04 68904.32568610116 51767.289290585395 1.990509273964899 2.0303030303030303 0.005266479353620239 0.005091344713986222
25 30.4 3.04 68904.32568610116 51767.289290585395 1.990509273964899 2.0303030303030303 0.005266479353620239 0.005091344713986222
26 30.4 3.04 68904.32568610116 51767.289290585395 1.990509273964899 2.0303030303030303 0.005266479353620239 0.005091344713986222
27 30.4 3.04 68904.32568610116 51767.289290585395 1.990509273964899 2.0303030303030303 0.005266479353620239 0.005091344713986222
28 30.4 3.04 68904.32568610116 51767.289290585395 1.990509273964899 2.0303030303030303 0.005266479353620239 0.005091344713986222
29 30.4 3.04 68979.09785783268 51767.289290585395 1.990933431684654 2.0303030303030303 0.005259966615750808 0.005091344713986222
30 30.4 3.04 68979.09785783268 51767.289290585395 1.990933431684654 2.0303030303030303 0.005259966615750808 0.005091344713986222
31 30.4 3.04 69130.63217835366 51767.289290585395 1.9918643457637166 2.0303030303030303 0.005246498109496509 0.005091344713986222
32 30.4 3.04 69130.63217835366 51767.289290585395 1.9918643457637166 2.0303030303030303 0.005246498109496509 0.005091344713986222
33 30.4 3.04 69130.63217835366 51767.289290585395 1.9918643457637166 2.0303030303030303 0.005246498109496509 0.005091344713986222
34 30.4 3.04 69141.65303724413 51767.289290585395 1.9919443640536114 2.0303030303030303 0.005246963295012492 0.005091344713986222
35 30.4 3.04 69141.65303724413 51767.289290585395 1.9919443640536114 2.0303030303030303 0.005246963295012492 0.005091344713986222
36 30.4 3.04 69141.65303724413 51767.289290585395 1.9919443640536114 2.0303030303030303 0.005246963295012492 0.005091344713986222
37 30.4 3.04 69141.65303724413 51767.289290585395 1.9919443640536114 2.0303030303030303 0.005246963295012492 0.005091344713986222
38 30.4 3.04 69078.67615915973 51767.289290585395 1.9916525570951376 2.0303030303030303 0.005253568456383962 0.005091344713986222
39 30.4 3.04 69078.67615915973 51767.289290585395 1.9916525570951376 2.0303030303030303 0.005253568456383962 0.005091344713986222
40 30.4 3.04 69078.67615915973 51767.289290585395 1.9916525570951376 2.0303030303030303 0.005253568456383962 0.005091344713986222
41 30.4 3.04 69078.67615915973 51767.289290585395 1.9916525570951376 2.0303030303030303 0.005253568456383962 0.005091344713986222
42 30.4 3.04 69078.67615915973 51767.289290585395 1.9916525570951376 2.0303030303030303 0.005253568456383962 0.005091344713986222
43 30.4 3.04 69078.67615915973 51767.289290585395 1.9916525570951376 2.0303030303030303 0.005253568456383962 0.005091344713986222
44 30.4 3.04 69078.67615915973 51767.289290585395 1.9916525570951376 2.0303030303030303 0.005253568456383962 0.005091344713986222
45 30.4 3.04 69078.67615915973 51767.289290585395 1.9916525570951376 2.0303030303030303 0.005253568456383962 0.005091344713986222
46 30.4 3.04 69078.67615915973 51767.289290585395 1.9916525570951376 2.0303030303030303 0.005253568456383962 0.005091344713986222
47 30.4 3.04 69078.67615915973 51767.289290585395 1.9916525570951376 2.0303030303030303 0.005253568456383962 0.005091344713986222
48 30.4 3.04 69078.67615915973 51767.289290585395 1.9916525570951376 2.0303030303030303 0.005253568456383962 0.005091344713986222
49 30.4 3.04 69110.37234568167 51767.289290585395 1.9918209072634878 2.0303030303030303 0.005251284756973614 0.005091344713986222
