0 4.8 0.48 82068.41339557916 74941.6299829297 3.214177086406221 2.8947990543735225 0.005596475787274707 0.004840785281118307
1 4.8 0.48 82068.41339557916 74941.6299829297 3.214177086406221 2.8947990543735225 0.005596475787274707 0.004840785281118307
2 4.8 0.48 82068.41339557916 74941.6299829297 3.214177086406221 2.8947990543735225 0.005596475787274707 0.004840785281118307
3 4.8 0.48 82068.41339557916 74941.6299829297 3.214177086406221 2.8947990543735225 0.005596475787274707 0.004840785281118307
4 4.8 0.48 82068.41339557916 74941.6299829297 3.214177086406221 2.8947990543735225 0.005596475787274707 0.004840785281118307
5 4.8 0.48 82068.41339557916 74941.6299829297 3.214177086406221 2.8947990543735225 0.005596475787274707 0.004840785281118307
6 4.8 0.48 82068.41339557916 74941.6299829297 3.214177086406221 2.8947990543735225 0.005596475787274707 0.004840785281118307
7 4.8 0.48 82068.41339557916 74941.6299829297 3.214177086406221 2.8947990543735225 0.005596475787274707 0.004840785281118307
8 3.4 0.34 81598.40608435158 60841.4106461024 3.2106987014038677 2.790447504302926 0.005620531747622695 0.005562464091557939
9 3.4 0.34 81598.40608435158 60841.4106461024 3.2106987014038677 2.790447504302926 0.005620531747622695 0.005562464091557939
10 3.4 0.34 81598.40608435158 60841.4106461024 3.2106987014038677 2.790447504302926 0.005620531747622695 0.005562464091557939
11 3.4 0.34 81598.40608435158 60841.4106461024 3.2106987014038677 2.790447504302926 0.005620531747622695 0.005562464091557939
12 3.4 0.34 81598.40608435158 60841.4106461024 3.2106987014038677 2.790447504302926 0.005620531747622695 0.005562464091557939
13 3.4 0.34 81598.40608435158 60841.4106461024 3.2106987014038677 2.790447504302926 0.005620531747622695 0.005562464091557939
14 3.4 0.34 81598.40608435158 60841.4106461024 3.2106987014038677 2.790447504302926 0.005620531747622695 0.005562464091557939
15 3.4 0.34 81817.38036863491 67410.6391746025 3.214666889983955 2.909493161705551 0.005605287953626189 0.005105150271662761
16 3.4 0.34 81817.38036863491 67410.6391746025 3.214666889983955 2.909493161705551 0.005605287953626189 0.005105150271662761
17 3.4 0.34 81817.38036863491 67410.6391746025 3.214666889983955 2.909493161705551 0.005605287953626189 0.005105150271662761
18 3.4 0.34 81692.32927683888 67410.6391746025 3.198465800246012 2.909493161705551 0.005645998854326482 0.005105150271662761
19 3.4 0.34 81692.32927683888 67410.6391746025 3.198465800246012 2.909493161705551 0.005645998854326482 0.005105150271662761
20 3.4 0.34 81692.32927683888 67410.6391746025 3.198465800246012 2.909493161705551 0.005645998854326482 0.005105150271662761
21 3.4 0.34 80516.71120223726 67410.6391746025 3.1919204688051575 2.909493161705551 0.005735785228802039 0.005105150271662761
22 3.4 0.34 80516.71120223726 67410.6391746025 3.1919204688051575 2.909493161705551 0.005735785228802039 0.005105150271662761
23 3.4 0.34 79575.76560865006 67410.6391746025 3.1731022849074733 2.909493161705551 0.005827015962275651 0.005105150271662761
24 3.4 0.34 79575.76560865006 67410.6391746025 3.1731022849074733 2.909493161705551 0.005827015962275651 0.005105150271662761
25 3.4 0.34 79575.76560865006 67410.6391746025 3.1731022849074733 2.909493161705551 0.005827015962275651 0.005105150271662761
26 3.4 0.34 79575.76560865006 67410.6391746025 3.1731022849074733 2.909493161705551 0.005827015962275651 0.005105150271662761
27 3.4 0.34 79575.76560865006 67410.6391746025 3.1731022849074733 2.909493161705551 0.005827015962275651 0.005105150271662761
28 3.4 0.34 80015.80834622179 67410.6391746025 3.151160885394963 2.909493161705551 0.005835095535544293 0.005105150271662761
29 3.4 0.34 80684.81987340684 67410.6391746025 3.1559212814334874 2.909493161705551 0.0057845035943200505 0.005105150271662761
30 3.4 0.34 80684.81987340684 67410.6391746025 3.1559212814334874 2.909493161705551 0.0057845035943200505 0.005105150271662761
31 3.4 0.34 80924.81979761248 67410.6391746025 3.1548107817801725 2.909493161705551 0.005768089401541359 0.005105150271662761
32 3.4 0.34 80497.26173735446 67410.6391746025 3.160046214998036 2.909493161705551 0.005790340070906939 0.005105150271662761
33 3.4 0.34 80329.16486702138 67410.6391746025 3.169945417813148 2.909493161705551 0.0057870544584232445 0.005105150271662761
34 3.4 0.34 80432.86270402248 67410.6391746025 3.166626547457545 2.909493161705551 0.0057814838711684165 0.005105150271662761
35 3.4 0.34 79854.52022666707 67410.6391746025 3.162035357414577 2.909493161705551 0.005822001480881124 0.005105150271662761
36 3.4 0.34 79854.52022666707 67410.6391746025 3.162035357414577 2.909493161705551 0.005822001480881124 0.005105150271662761
37 3.4 0.34 79854.52022666707 67410.6391746025 3.162035357414577 2.909493161705551 0.005822001480881124 0.005105150271662761
38 3.4 0.34 79854.52022666707 67410.6391746025 3.162035357414577 2.909493161705551 0.005822001480881124 0.005105150271662761
39 3.4 0.34 79507.3504464067 67410.6391746025 3.164606696835384 2.909493161705551 0.005841333376653579 0.005105150271662761
40 3.4 0.34 79507.3504464067 67410.6391746025 3.164606696835384 2.909493161705551 0.005841333376653579 0.005105150271662761
41 3.8 0.38 79299.61602240868 57769.374698690895 3.179760604830521 2.8579234972677594 0.005802859375683996 0.00520355658272746
42 3.8 0.38 79299.61602240868 57769.374698690895 3.179760604830521 2.8579234972677594 0.005802859375683996 0.00520355658272746
43 3.8 0.38 79299.61602240868 57769.374698690895 3.179760604830521 2.8579234972677594 0.005802859375683996 0.00520355658272746
44 3.8 0.38 79299.61602240868 57769.374698690895 3.179760604830521 2.8579234972677594 0.005802859375683996 0.00520355658272746
45 3.8 0.38 78814.15162514453 57769.374698690895 3.189592138498178 2.8579234972677594 0.005791972677993886 0.00520355658272746
46 3.8 0.38 78814.15162514453 57769.374698690895 3.189592138498178 2.8579234972677594 0.005791972677993886 0.00520355658272746
47 3.8 0.38 78164.54707526493 57769.374698690895 3.1862131242224794 2.8579234972677594 0.005835877383402315 0.00520355658272746
48 3.8 0.38 78164.54707526493 57769.374698690895 3.1862131242224794 2.8579234972677594 0.005835877383402315 0.00520355658272746
49 3.8 0.38 78917.34137417628 57769.374698690895 3.1810854831199675 2.8579234972677594 0.005789293750662552 0.00520355658272746
